151.65132792932184 10.271716273588682
134.18289623776624 7.839592136538368
167.5435892484398 11.70292447540016
128.61136362602838 7.2683812610852705
151.23656669537965 9.991942726767716
136.9519665068752 8.34646152389836
101.07118571092516 2.2193976760376337
169.34203398259643 12.737184000177862
138.57844343081504 8.715913653684161
145.960127347194 12.191982139583414
156.66523695996474 12.704043580916018
148.53405567253986 9.538167873097025
151.1940732685753 8.525040613898831
181.10074668544758 13.914370987792262
165.58070605685285 13.760347770985703
125.00276348544168 6.888511189267466
153.72722883188754 10.396560073496133
164.96547601443424 11.641319522760952
128.0420060790046 8.199782071757246
164.87310410970903 13.598728950540183
167.42117329895106 11.162321157738344
168.2219952970473 11.681715068533196
151.82205691451907 11.670767190143074
157.9122422022282 13.612611416449608
133.91426364852444 7.302479528249215
147.6179240377426 8.469417229494764
150.52737049177424 10.238741974195356
117.924266853415 4.735320956646355
146.68279935863768 7.582555182170109
163.74013117442718 12.679574030971892
175.71912096562824 16.397600565006208
129.65512629677787 4.926481795020198
169.59115586357967 11.533783914832794
139.74916641271759 8.271188752384923
152.73476880903368 12.464154888293884
169.75172369266485 12.334230917245755
115.0443697646089 3.4747770951746553
144.7043741898763 8.895560544851927
167.46395630881 13.122340805552204
150.95653300622763 10.043170635436782
148.03629121809865 9.102301915566569
141.21302204465928 7.28317088674731
124.57119959101159 5.923304153141521
144.21416105641902 9.361521672398347
138.86309496701944 10.828807339221957
180.881144610374 13.858883651736518
179.84996932308744 14.676915649279524
139.96091076173215 8.853703737572488
153.65159441638477 11.453491449387945
130.2261061480276 6.519198139917011
129.24487742063062 7.541089501814572
147.9450433580459 9.648674998950892
132.50428333356035 7.009720800553664
138.6833401804086 9.41936997563641
125.1473952728506 5.6029874356755505
160.18421338106168 10.587114623286567
173.6459507886126 13.17583898330529
161.19770225713603 11.371815242856647
147.70196150562063 9.05349984032126
167.40272944370196 14.547191777274609
161.74991096779712 12.346077700640834
135.63539786996722 7.835853991369609
157.52998280637865 12.248905636717865
161.8530985331939 11.167152415393753
139.14366552414526 7.307101539683806
123.79287423416808 5.889356270962502
146.40879148643415 5.793259208578164
171.07213429217362 12.765675311081345
156.57864834455393 11.925904414187
159.60928920345967 12.040563735327616
148.2096948957719 10.93800447446431
141.18954325206246 8.94456258491678
158.3767770616226 9.96637030626926
164.2518604123964 9.829253125883762
142.49592372604636 9.88290222188433
123.95078616663966 3.5172506826719605
155.36439655300202 10.480047181685787
161.30282077914174 14.893490641167112
154.02537631022193 10.877029246786888
151.49813950009622 12.392104730068052
144.1553622008363 12.889042870850295
145.8664379970933 8.705346814490998
163.56070705288832 14.020043394792072
188.46706344307137 14.960818919637074
143.2715413056599 6.922951906764145
112.30286758958573 3.7321507744641247
131.51744514977045 8.292559177339719
153.84728823041152 10.884356955521632
153.9336585746092 12.980912378787602
149.73268396559598 12.55493452406999
140.7517735494028 5.516582561984979
144.61092089061688 11.460615241366394
137.9488282719745 6.581517064913461
131.6944397646377 5.107077927728454
113.50990030386852 4.970788628617179
142.46180923385973 8.064482055096395
139.60787070485264 6.922809482672896
148.92167569704282 12.134051348610337
130.87467981192788 7.752445708988734
157.88838767504092 12.941961165545482
165.38453761745788 12.626411034943384
151.34698281773217 9.968848695518806
140.29009947156086 8.224577308838052
166.44988817668482 10.19770962230123
134.72137650419938 5.939370754577594
166.95935812686335 14.78844203000864
145.25127296950663 9.344052675469005
142.9672518001722 7.815985340498125
169.0429463620779 13.404500217859336
165.09434740682715 13.278446843814645
162.66373698368787 13.369239180230474
160.5918562517149 10.942342437982598
150.25297160103923 9.99456292216338
151.02745529933998 10.034362317922794
135.35800258342067 5.341501026115003
160.91498032952072 11.330578169251915
125.48911172513272 6.511457011448496
154.8003523327368 8.717472695038374
132.96498827721206 8.442130811088342
166.52721655658962 13.897157690622615
166.88123449085728 11.540969098912838
136.8585001607374 8.993018925867151
137.90378332656059 7.548467782691459
126.57257302703209 4.956331816606005
140.82732111419588 10.5182469549161
123.01630995447199 6.0336198427685845
134.52782724737 6.3874386442689275
164.32850779072314 13.820880029000444
167.83439535762759 11.917362797315505
143.43482618934374 11.237861781671032
134.94148639190314 5.910313460893948
136.73699556771774 6.129797802390394
169.89005497464046 13.202663660401656
124.36151554886854 4.088577013840885
164.06055787665002 12.04303924528979
135.67681020330778 8.263562827878893
132.20633842421094 5.725920343820021
170.08248248725212 12.225100237553068
161.44857938085514 15.359861870632457
168.1039197234555 14.274643254526037
147.7772312828082 11.672317157479215
120.67127992995214 4.76814555695495
124.88340079509643 6.819781691471741
144.3761695951097 6.948515193994752
155.75478940863508 11.177595805058184
152.94648548267074 12.06705991839286
165.3461106250538 11.283316890454218
146.25252360879256 10.571802985822409
144.6763830704945 7.035569221053885
161.0619854547799 11.195107919125899
159.1034879811009 11.07306949987284
162.92579921494445 11.566666142610515
163.46875642939122 12.98826241918614
144.7345564763135 7.503422841638695
122.93010847537279 4.426121534094044
178.0317928302008 16.502378241073945
158.44264996236416 12.037637855313406
155.26918690957112 10.296652015751079
185.22016010476057 15.476093943042763
152.4228155395942 8.913147859202658
154.4417935358218 10.704704383017116
143.87218249241718 10.017852438500855
148.5119940629009 10.53172579879396
148.78309599460448 8.4386728394749
167.29558552144965 11.86574002397871
136.40088550235075 7.1006961341051404
164.6653948633256 13.324053436226148
139.6775790124105 6.493968324243262
148.5916420993225 7.090688694139437
131.17901596664976 6.41034919546651
171.87068926902236 13.439182043313089
132.87916504234116 6.577146637340954
144.04024408247818 12.534689067382557
147.1929864809945 10.754687227162217
134.36415382032405 7.714872120512559
140.11174915744135 9.346793065857852
149.91703830753656 9.317715127131786
155.99982103811791 9.216328460890448
173.71315588862285 13.211076183761937
141.6557843502838 7.76004790741951
161.57607983977834 13.307919146550162
166.70402039465122 9.405109316580837
174.6511792377834 13.155546412729333
152.03287926735675 9.997850352410845
143.71682094436704 9.786274620819153
163.1141964834712 13.159244752260605
171.59835961242035 11.246784356879537
146.63805159986498 9.210950595268478
147.24384216507968 7.713803793440218
167.7668608557223 14.355154969236677
188.08739642131735 14.444520349720126
175.5987826283754 14.863825260797336
164.68896890942946 13.344758677505425
158.33627530459592 11.907150949461814
175.65849779925566 14.33211469703993
140.2398927702174 8.412159403954888
130.9373558772128 8.307688069700909
158.66438050618726 11.834221770169528
172.0246627120993 13.656693469260619
146.79823821879253 10.579604850941436
