167.18609674686707 6.35677269739753
148.92277260141103 5.769231314171399
182.2272729635689 7.292426445841118
184.04758334483967 7.190557845052559
177.73940399114247 6.58934363390744
175.89027034802933 7.17664171289505
180.73480781177628 7.759152918914653
172.67942163198694 6.890438854403512
180.90130427658724 6.944385906542897
181.28571166782285 7.410451151108085
184.09873618022712 7.248535335487705
174.2782552641059 6.859689932533335
181.78079833479325 7.652677009855872
186.57798683999118 6.933326783356401
174.3042223209219 7.185373132060785
185.63336886839141 7.267441459786123
181.62490720802415 6.608140982617401
168.78682795465696 6.764799653672255
165.89906140521015 7.255895098959116
188.79762935369303 7.5005692029858455
194.58359528990863 7.744855230097422
189.2580803926788 7.233402317745125
185.00722568126284 7.757891531843773
218.74234713496858 7.71495521943872
182.50576514327253 6.4780172250614525
173.29363120506426 6.421417482968639
170.3346616036004 6.143736238453598
170.00772073983228 7.1881162530694125
147.16241695143293 6.412926561296913
195.14344052801422 7.49905805112185
201.5783954522693 7.874480815223995
180.55881060307885 7.378100218316261
148.56335403594963 6.7810412594226674
165.06072549538743 6.092934879333675
180.27176709138 7.147148893008934
175.94333677591436 6.667799323193573
181.63536017450897 7.275419818269845
170.99291276177934 6.509422427250275
208.27100776278493 7.557325341519076
169.84355554286293 6.581642049369728
191.22060708420517 7.565483274230128
172.44395383172056 6.863509547536973
182.1040888290072 6.396336445374219
185.34526685110833 7.064589307077717
205.22344325518725 7.621655992745592
193.43413582723528 7.340078623861718
188.56086226510754 6.855360471787381
197.78722741047386 8.185429123864699
195.80872084638344 7.46850221023336
183.1091763758345 7.4342130072795936
167.99212736944432 6.9772774589146715
170.12084257923044 7.153025189914791
163.06238812072155 6.739660324557966
194.8169871352915 7.781365872065665
176.46187823359574 7.098491935812941
179.62379637229407 6.991458312515983
162.90900076412674 6.42779983626829
178.76436882976304 6.92424126222378
198.04046164265296 7.716779885442422
153.25935320492079 6.314060391690225
174.97562998786353 6.805176411507611
170.43517773267465 6.858934111689027
172.93709841148413 6.527894053126517
179.28969486081587 7.0862334856417455
174.2117058425315 7.011497634141039
166.64926856048422 6.514922889574574
186.96965517339387 7.2761615603261856
198.83724890150833 7.805942756603301
171.13703606254967 7.0307991136524866
186.09911230218685 6.9613051969736714
188.16979789792825 7.552627990307989
180.6345387802366 7.118312744284654
194.47189019898832 7.33931948650124
185.75755572501515 7.327061983746448
189.0568321855741 7.573122221419517
174.05136521604132 6.867953796014633
204.89530460574613 7.624945905814468
203.82215184007882 7.7372839846347246
165.8392231800113 6.894676035071879
199.564209350598 7.092935651653277
178.76147490329157 7.279182489535538
175.57779256362926 7.222466927909272
187.90277373208735 7.861189607180837
189.59816876333176 7.0453166257732045
178.71888869560942 7.363313086115197
193.40236744026882 7.364646347339421
191.69285842654782 7.3472040207338765
156.28623042703205 6.521111098878089
169.44498039520823 6.619074499423213
189.67547157608544 7.9827024870252234
168.3270365798522 6.434694408367304
175.34516123443345 6.681350266739321
220.706163907537 8.115230817981779
180.9362096687446 7.164794620048945
182.404395910571 6.9532631238855025
194.50047091468198 7.438258408232185
158.38555009119955 6.304775344435023
178.28803228377078 6.978009530549994
203.30577465973724 7.83129875349931
216.69848855766617 7.834710898471778
188.07907380294333 7.333663101027696
167.28504810558974 6.540963589968879
143.44567743048094 5.429721232075282
146.39480803917755 5.487975054688063
167.73523905492038 6.315897735679959
158.39848133247773 6.567927147997127
178.79068968901973 7.034048994758071
182.13367145789607 7.843170490601465
170.85384914195345 6.674885723340716
160.88751817814276 7.035046494928965
169.84763665831707 6.765146078467621
184.38529049725844 7.303087492669168
173.69172896490963 6.5313491297823125
173.90008000660563 6.188127545976874
181.2139806146488 7.1165165276034585
189.96515636957022 7.715253705971516
171.25083798264149 6.664599342014955
145.04104260552285 5.373865037457103
210.1655384756696 7.974644326766499
206.66472216634426 7.637675643452104
195.45729856021777 6.979465760700191
195.59150612457114 7.73407980923484
201.4295348282459 8.067447192088958
161.13916584679063 6.18479152870516
182.2058107632926 6.814294258893858
175.84310571247056 7.289388990453746
181.22441081325584 6.862164730061992
179.2529813004313 7.03473675291829
200.84095942675975 7.2280928643143
198.21813949392438 7.451274427767638
197.74086352982388 7.197049655855709
178.7601859763058 7.427619467804773
181.22424023572788 7.219425351391486
171.69759562247935 6.8462512189937925
176.04425667681113 6.570210324371713
199.26718118868436 6.725371191320324
174.043283511446 7.239687868400613
177.0470412522871 7.337037004550301
202.35634430795568 7.413840309303628
160.38210688753506 5.986890960389713
186.21462159583132 7.118501280061548
189.73683667676428 7.268634169204269
174.5596476592908 6.487097391718287
161.29345147151759 6.289856146214064
156.67114256674003 6.241996892541672
170.92692554705394 6.716650587722454
150.26542377398118 6.49971216428138
165.9305853625089 7.20423018460908
192.5306498185787 7.36075198704095
183.782038436228 6.984213169832455
176.03055820238802 7.026309201227021
183.20643264706857 7.004203043610481
162.73675113533275 5.638012183706969
183.58190923037935 7.126110162332255
170.69074070652877 6.887757578735195
168.50149094824295 6.80310790337461
197.31149315482182 7.657158503988074
168.02980800972853 6.705625805444398
183.34833600330094 7.624353989159326
188.5465686743022 6.93136216230868
161.94353288565173 6.8443540343795615
180.3468723497419 7.084920316696915
189.32194993606677 7.687025255060762
207.1564525305482 8.01354287996844
171.81974962139068 6.690474997189249
194.48036957064042 7.931737042151326
173.95654679558822 6.771144648236747
194.77519385787943 7.7886197756219175
186.7766222019919 7.218475906073284
187.26500802831373 7.594793982355504
149.866464484065 6.065739510112428
167.666243228694 6.947773960991261
174.39803815108752 7.099046183755682
182.60377733486106 7.4073383450754315
187.9538887375183 7.625493946287351
180.56893236009174 6.655479278544011
174.1711046242509 6.489281714680138
173.2265224724239 7.295295085136771
170.1551377639135 6.394965827553655
167.77767186168967 6.460274636958754
188.366940947829 7.707495687440891
170.91853445751664 7.319529344880944
159.60966717158368 6.242538345333905
172.2733307385781 6.559475534399684
168.6217717277591 7.3307097564423085
178.81443453443882 6.586746448920908
173.7266106939436 6.64182935436054
174.94228725532545 6.568460800102949
182.07260123914557 6.601828817011246
167.8145065109661 6.540988172442498
179.52731101179367 6.857018268881511
173.7676368007587 6.575335468884855
156.56542553020896 6.510632505051202
176.05120860010058 6.808034729587132
155.58031555467312 5.9190181934133195
184.63721018119205 7.171362531544194
172.82942616677894 6.279263069267516
180.42728416100397 6.886872144763924
176.22388658763714 6.979347441809518
164.7719563953707 6.789917590229569
186.28987405438727 6.921267480784438
174.8551191499614 7.144186564345273
197.3566977905807 8.04127584374388
192.2865713256503 7.228034580221755
188.98746946052427 7.431214641158704
194.9420801945254 7.4002229343489585
162.79309806147356 5.774723623868
168.8819520879519 6.592713670707315
173.8026395118788 6.436907068426567
183.86976591506962 6.898055846988927
174.91347059672268 7.01039183870375
188.1752948534261 7.53008375788895
199.1418229310556 7.790983286032022
150.76912533844117 6.034845207940669
204.87648510533273 7.43293299032407
173.43927109822712 6.52089344564136
165.48726347251338 6.781946545651627
166.58324274657687 6.461155327356016
183.1723613495924 6.6714291798250995
198.85116984234241 7.4114107953219905
211.12904833827307 7.6254785798379725
178.50941059274115 7.37045637939677
165.1099334267757 6.353940695865607
164.63625698640558 6.539711393322931
194.0655451150256 7.044058824609847
201.99806457229204 7.281497534985033
183.9130845647691 6.990701141875135
195.6341715466212 7.461409859148831
183.0613852161563 6.956021368824863
198.78459281006195 6.727602086684637
185.3323481317849 7.220580843948402
177.26708213411632 6.854951803550978
157.33573437084593 6.136896777937468
183.4697134710143 6.925373870502151
196.38050867643588 7.778952232325653
202.3541295294603 7.594616143189063
176.96885167688313 6.944200370085514
173.34538723432772 7.004643685615787
195.6994134530564 7.304911885179422
189.4150278452536 7.5516036896129854
170.54560901174852 7.17386575888705
189.14438484313288 7.263377308429034
184.74487547554673 6.608079588174491
184.42101082701262 6.968703468197927
213.287801458355 7.978603459160065
167.72577472038557 6.460651085363827
173.98860947700925 6.402291834127525
175.37967833281832 6.690527522026785
166.25727180090485 6.386893131357335
165.94090653663784 7.0888457879401825
193.35648613108208 7.424270524940528
206.49485909633722 7.791049835819191
178.41518551839732 7.213050685169249
175.8167067907985 6.702410295041834
208.256963861025 8.085986455186495
179.14929121365142 6.900564294470992
182.9461426862924 6.232656328419424
165.58044509891184 6.473615259766302
187.2998768625822 6.7968286492389565
191.96713356411806 7.458759385748617
184.70318063244508 7.131273405977243
209.27913694346014 7.4485768480432375
149.57759432980154 5.900408032663991
196.81971938989014 7.457600912988897
155.90836197211925 6.619626184663089
175.15258385620888 6.324775579942626
165.50578663066028 6.4021506632452905
193.24256794074415 7.074955731802733
179.58654563485678 7.43022660336865
178.27817314316653 7.320988037361919
200.5337156282313 7.2739796927429845
153.92184788025088 6.601183045821088
193.94765434669515 7.438038634421948
186.39449156923692 6.882149212194596
184.9881636443641 7.625846247988462
170.25014961182595 6.83590699826161
177.29313862363173 7.34000221486043
200.1528708043439 7.33934202710381
175.4792753604748 7.289179374089182
179.8667942457145 6.779771433758343
185.5960132874275 6.871176332255936
194.25020664405764 7.668266898471695
177.43425710451473 7.2083429674214
170.16430445642368 7.4462121208875125
170.72958382099029 6.495897647075942
169.3815070526675 6.321795068695456
184.39690854498716 7.166360959752866
176.60604021387695 6.802074410464215
187.58650185660449 7.814085523016265
185.01388023372084 7.39249607229151
161.16814817690857 6.799191665711147
194.20773937554424 7.665114809560614
180.76577897287868 6.757725613083106
169.20768582707166 6.1837211785239425
182.4153437831914 6.77203986286043
193.85712148464415 6.92911549407894
184.73875540697935 7.202655234159625
208.51925678112255 7.392378017750457
149.56582731799708 5.953839443047125
181.72836009007042 6.802054602584598
