21316.944126767787
13272.290302999652
8390.9238835949
5428.950164013925
3631.609278657665
2540.934445735864
1879.0444704663882
1477.3289612538647
1233.479936526114
1085.4198280206256
995.4817360237615
940.8104589870485
907.5381117928113
887.2500568664053
874.8405318680324
867.2115056737211
862.4831812568652
859.5149513311396
857.614727883586
856.3625716170884
855.5036753212277
854.8834292308451
854.4080205357336
854.0205262857245
853.6864072466575
853.3847059854866
853.1027061191156
852.8326916987554
852.5699808966829
852.3117329033951
852.0562239867915
851.8024082255179
851.5496509744672
851.2975671392484
851.045923045736
850.7945768973092
850.5434426460042
850.2924680705581
850.0416214747851
849.7908836165392
849.540242810431
849.2896919563
849.039226736174
848.7888445202386
848.5385437030066
848.2883233005265
848.0381827059816
847.7881215413909
847.5381395676287
847.2882366298265
847.0384126242416
846.7886674781581
846.5390011376885
846.2894135603731
846.0399047106886
845.7904745573245
845.5411230715305
845.2918502261092
845.042655994813
844.7935403519715
844.5445032722663
844.2955447305985
844.0466647020043
843.7978631616028
843.5491400845704
843.3004954461187
843.0519292214842
842.8034413859214
842.555031914699
842.3067007830992
842.0584479664114
841.8102734399364
841.5621771789822
841.3141591588667
841.0662193549147
840.8183577424587
840.5705742968402
840.3228689934081
840.0752418075186
839.8276927145365
839.5802216898336
839.3328287087908
839.0855137467948
838.8382767792422
838.5911177815351
838.3440367290854
838.0970335973112
837.85010836164
837.6032609975052
837.3564914803496
837.1097997856223
836.8631858887817
836.6166497652922
836.3701913906276
836.1238107402679
835.8775077897022
835.6312825144265
835.3851348899443
835.1390648917679
834.8930724954168
834.6471576764172
834.4013204103047
834.155560672622
833.9098784389188
833.664273684753
833.4187463856915
833.1732965173059
832.9279240551782
832.682628974897
832.43741125206
832.1922708622692
831.9472077811379
831.7022219842854
831.4573134473388
831.2124821459333
830.9677280557112
830.7230511523229
830.4784514114267
830.2339288086879
829.98948331978
829.7451149203838
829.500823586188
829.2566092928897
829.0124720161917
828.768411731807
828.5244284154538
828.2805220428595
828.0366925897586
827.792940031894
827.5492643450145
827.3056655048786
827.0621434872515
826.818698267906
826.5753298226224
826.332038127189
826.0888231574015
825.8456848890631
825.6026232979857
825.3596383599875
825.1167300508946
824.8738983465411
824.6311432227686
824.3884646554261
824.1458626203706
823.9033370934666
823.6608880505856
823.4185154676084
823.1762193204204
822.933999584918
822.6918562370031
822.4497892525856
822.2077986075836
821.9658842779218
821.7240462395333
821.4822844683582
821.240598940345
820.9989896314493
820.757456517634
820.5159995748694
820.2746187791345
820.0333141064151
819.7920855327045
819.550933034004
819.309856586322
819.0688561656746
818.8279317480856
818.5870833095865
818.3463108262164
818.105614274021
817.8649936290545
817.6244488673786
817.3839799650628
817.1435868981832
816.9032696428237
816.6630281750768
816.422862471041
816.1827725068237
815.9427582585387
815.7028197023079
815.4629568142612
815.2231695705352
814.9834579472745
814.7438219206306
814.5042614667633
814.2647765618397
814.0253671820341
813.7860333035289
813.5467749025131
813.3075919551843
813.0684844377465
812.8294523264118
812.5904955974011
812.3516142269393
812.1128081912631
811.8740774666127
811.6354220292383
811.3968418553978
811.1583369213544
810.9199072033813
810.6815526777573
810.4432733207697
810.2050691087122
809.9669400178875
809.7288860246051
809.490907105182
809.2530032359413
809.0151743932157
808.777420553345
808.5397416926752
808.3021377875607
808.0646088143625
807.8271547494509
807.5897755692015
807.3524712499989
807.1152417682347
806.8780871003069
806.6410072226228
806.4040021115954
806.1670717436468
805.9302160952049
805.6934351427059
805.4567288625935
805.2200972313192
804.9835402253401
804.7470578211235
804.510649995141
804.2743167238748
804.038057983812
803.8018737514486
803.5657640032867
803.3297287158374
803.0937678656181
802.8578814291546
802.6220693829783
802.3863317036294
802.1506683676556
801.9150793516117
801.6795646320592
801.4441241855678
801.2087579887148
800.9734660180843
800.7382482502679
800.5031046618643
800.2680352294803
800.0330399297297
799.7981187392338
799.5632716346206
799.328498592527
799.0937995895947
798.8591746024762
798.6246236078284
798.3901465823167
798.1557435026139
797.9214143454003
797.6871590873635
797.452977705198
797.2188701756057
796.9848364752968
796.7508765809877
796.5169904694028
796.2831781172732
796.049439501338
795.8157745983438
795.5821833850429
795.3486658381979
795.1152219345754
794.8818516509524
794.6485549641101
794.4153318508401
794.1821822879391
793.9491062522122
793.7161037204711
793.4831746695359
793.2503190762332
793.0175369173961
792.7848281698674
792.5521928104951
792.3196308161343
792.0871421636496
791.8547268299106
791.6223847917959
791.3901160261902
791.1579205099862
790.9257982200829
790.6937491333887
790.4617732268161
790.229870477288
789.9980408617328
789.7662843570861
789.5346009402925
789.3029905883017
789.071453278072
788.8399889865683
788.6085976907638
788.3772793676369
788.1460339941759
787.9148615473745
787.6837620042338
787.4527353417633
787.2217815369787
786.990900566903
786.7600924085673
786.5293570390081
786.298694435272
786.0681045744102
785.8375874334821
785.6071429895554
785.3767712197025
785.1464721010057
784.916245610553
784.6860917254397
784.4560104227697
784.2260016796515
783.9960654732038
783.7662017805504
783.5364105788227
783.3066918451607
783.0770455567091
782.847471690622
782.6179702240604
782.3885411341906
782.1591843981892
781.9298999932373
781.7006878965246
781.4715480852472
781.2424805366094
781.0134852278218
780.7845621361026
780.5557112386767
780.3269325127771
780.0982259356431
779.8695914845218
779.6410291366669
779.4125388693399
779.1841206598087
778.9557744853489
778.7275003232435
778.4992981507818
778.2711679452614
778.043109683986
777.8151233442674
777.5872089034234
777.3593663387802
777.1315956276703
776.9038967474338
776.6762696754174
776.4487143889761
776.2212308654704
775.9938190822687
775.7664790167477
775.5392106462892
775.3120139482836
775.0848889001275
774.8578354792255
774.630853662988
774.4039434288349
774.1771047541904
773.9503376164881
773.7236419931667
773.4970178616744
773.270465199464
773.0439839839974
772.8175741927424
772.5912358031742
772.3649687927756
772.1387731390362
771.912648819452
771.6865958115269
771.4606140927724
771.2347036407061
771.008864432852
770.7830964467435
770.5573996599193
770.3317740499251
770.1062195943148
769.8807362706491
769.6553240564949
769.4299829294273
769.2047128670273
768.979513846884
768.7543858465928
768.5293288437573
768.3043428159865
768.0794277408977
767.8545835961157
767.6298103592699
767.405108008
767.1804765199506
766.9559158727736
766.7314260441291
766.5070070116824
766.2826587531074
766.058381246085
765.8341744683014
765.6100383974527
765.385973011239
765.1619782873694
764.9380542035598
764.7142007375319
764.4904178670164
764.2667055697493
764.0430638234748
763.8194926059426
763.5959918949114
763.3725616681461
763.1492019034172
762.9259125785045
762.7026936711935
762.4795451592772
762.2564670205544
762.0334592328331
761.810521773926
761.5876546216552
761.3648577538469
761.1421311483366
760.919474782967
760.6968886355851
760.4743726840471
760.2519269062166
760.0295512799624
759.8072457831612
759.5850103936973
759.3628450894607
759.1407498483492
758.9187246482672
758.6967694671263
758.4748842828449
758.2530690733489
758.03132381657
757.8096484904484
757.5880430729297
757.3665075419676
757.1450418755223
756.9236460515605
756.7023200480571
756.4810638429929
756.2598774143553
756.0387607401406
755.817713798349
755.596736566991
755.3758290240813
755.1549911476433
754.9342229157061
754.7135243063063
754.492895297488
754.2723358673006
754.0518459938027
753.8314256550575
753.6110748291364
753.3907934941179
753.1705816280871
752.9504392091352
752.7303662153619
752.5103626248721
752.2904284157793
752.070563566202
751.8507680542674
751.6310418581089
751.411384955867
751.1917973256876
750.972278945726
750.7528297941421
750.5334498491045
750.3141390887878
750.0948974913731
749.8757250350494
749.6566216980115
749.437587458462
749.2186222946096
748.9997261846709
748.7808991068678
748.5621410394309
748.3434519605963
748.1248318486075
747.9062806817145
747.6877984381754
747.469385096253
747.251040634219
747.0327650303504
746.8145582629326
746.5964203102561
746.3783511506197
746.1603507623281
745.942419123694
745.7245562130354
745.5067620086782
745.2890364889552
745.0713796322051
744.853791416774
744.6362718210153
744.4188208232888
744.2014384019608
743.9841245354044
743.7668792020006
743.5497023801357
743.3325940482041
743.1155541846061
742.8985827677494
742.6816797760489
742.4648451879245
742.2480789818051
742.0313811361251
741.8147516293253
741.5981904398551
741.3816975461694
741.1652729267302
740.9489165600055
740.7326284244712
740.5164084986094
740.3002567609099
740.0841731898677
739.8681577639858
739.6522104617735
739.436331261747
739.2205201424298
739.0047770823506
738.7891020600472
738.573495054061
738.357956042944
738.1424850052521
737.9270819195488
737.7117467644051
737.496479518397
737.2812801601092
737.0661486681317
736.8510850210624
736.6360891975055
736.4211611760713
736.206300935378
735.9915084540489
735.7767837107161
735.5621266840171
735.3475373525966
735.1330156951054
734.9185616902021
734.7041753165514
734.4898565528241
734.275605377699
734.0614217698609
733.8473057080015
733.6332571708191
733.4192761370191
733.2053625853127
732.9915164944189
732.7777378430628
732.5640266099764
732.3503827738983
732.1368063135736
731.9232972077548
731.7098554352004
731.4964809746759
731.2831738049535
731.0699339048119
730.8567612530367
730.6436558284206
730.4306176097615
730.2176465758658
730.0047427055455
729.79190597762
729.5791363709144
729.3664338642615
729.1537984364995
728.9412300664751
728.7287287330397
728.5162944150533
728.3039270913805
728.0916267408943
727.8793933424739
727.6672268750044
727.4551273173787
727.2430946484956
727.0311288472602
726.8192298925857
726.6073977633906
726.3956324386002
726.1839338971471
725.9723021179702
725.7607370800147
725.5492387622332
725.3378071435845
725.1264422030335
724.9151439195527
724.703912272121
724.4927472397231
724.2816488013513
724.0706169360044
723.8596516226876
723.6487528404122
723.4379205681969
723.2271547850672
723.0164554700541
722.8058226021967
722.5952561605387
722.3847561241329
722.1743224720371
721.9639551833153
721.7536542370398
721.5434196122873
721.3332512881432
721.1231492436989
720.9131134580515
720.7031439103055
720.4932405795715
720.2834034449677
720.0736324856177
719.8639276806521
719.6542890092082
719.44471645043
719.2352099834676
719.0257695874782
718.8163952416252
718.6070869250782
718.3978446170153
718.1886682966187
717.9795579430778
717.77051353559
717.5615350533576
717.3526224755904
717.1437757815045
716.934994950322
716.7262799612723
716.5176307935915
716.3090474265214
716.1005298393111
715.8920780112157
715.683691921497
715.475371549424
715.2671168742712
715.0589278753198
714.8508045318586
714.6427468231815
714.4347547285901
714.2268282273918
714.0189672989005
713.8111719224372
713.6034420773292
713.3957777429096
713.1881788985196
712.9806455235055
712.7731775972197
712.5657750990235
712.3584380082821
712.1511663043686
711.9439599666625
711.7368189745492
711.5297433074214
711.3227329446777
711.115787865723
710.90890804997
710.7020934768361
710.4953441257468
710.2886599761329
710.0820410074319
709.8754871990884
709.6689985305536
709.4625749812836
709.2562165307431
709.0499231584016
708.8436948437361
708.6375315662293
708.4314333053713
708.2254000406575
708.0194317515908
707.8135284176801
707.6076900184411
707.4019165333951
707.1962079420709
706.9905642240029
706.7849853587328
706.5794713258088
706.3740221047835
706.1686376752186
705.963318016681
705.7580631087441
705.5528729309881
705.347747462999
705.1426866843694
704.9376905746993
704.732759113594
704.5278922806658
704.3230900555327
704.1183524178202
703.9136793471594
703.7090708231885
703.504526825551
703.3000473338985
703.0956323278879
702.8912817871819
702.6869956914513
702.4827740203717
702.2786167536267
702.0745238709045
701.8704953519014
701.6665311763188
701.4626313238653
701.258795774256
701.0550245072113
700.8513175024591
700.6476747397334
700.4440961987743
700.2405818593288
700.0371317011502
699.8337457039972
699.6304238476363
699.4271661118399
699.2239724763857
699.0208429210599
698.8177774256529
698.6147759699628
698.4118385337939
698.2089650969565
698.0061556392678
697.8034101405505
697.6007285806345
697.3981109393557
697.1955571965561
696.9930673320854
696.7906413257974
696.5882791575542
696.385980807223
696.1837462546785
695.9815754798005
695.7794684624762
695.5774251825984
695.3754456200668
695.1735297547874
694.9716775666716
694.7698890356385
694.5681641416128
694.3665028645249
694.1649051843134
693.9633710809217
693.7619005342995
693.5604935244037
693.3591500311965
693.1578700346477
692.9566535147319
692.755500451431
692.5544108247337
692.3533846146337
692.1524218011316
691.9515223642348
691.7506862839562
691.5499135403152
691.3492041133379
691.1485579830568
690.9479751295095
690.7474555327411
690.5469991728032
690.3466060297523
690.1462760836528
689.946009314574
689.7458057025922
689.54566522779
689.3455878702559
689.1455736100853
688.9456224273795
688.7457343022459
688.545909214798
688.3461471451566
688.146448073448
687.9468119798044
687.747238844365
687.5477286472751
687.3482813686863
687.1488969887558
686.9495754876478
686.7503168455328
686.551121042587
686.3519880589936
686.1529178749406
685.9539104706238
685.754965826245
685.556083922012
685.3572647381379
685.1585082548435
684.9598144523552
684.7611833109054
684.5626148107334
684.3641089320844
684.1656656552092
683.967284960366
683.7689668278182
683.5707112378359
683.372518170696
683.1743876066804
682.9763195260774
682.7783139091829
682.5803707362975
682.3824899877285
682.1846716437898
681.9869156848009
681.7892220910876
681.591590842983
681.3940219208243
681.1965153049567
680.9990709757309
680.8016889135038
680.604369098639
680.4071115115053
680.2099161324784
680.0127829419403
679.8157119202789
679.618703047888
679.4217563051681
679.2248716725258
679.0280491303737
678.8312886591308
678.6345902392214
678.4379538510777
678.2413794751367
678.044867091841
677.848416681642
677.6520282249944
677.4557017023603
677.259437094208
677.0632343810124
676.8670935432534
676.6710145614175
676.4749974159981
676.279042087494
676.0831485564102
675.8873168032576
675.6915468085546
675.4958385528234
675.3001920165951
675.1046071804045
674.9090840247945
674.7136225303121
674.5182226775124
674.3228844469553
674.1276078192078
673.9323927748424
673.7372392944375
673.5421473585782
673.3471169478554
673.1521480428668
672.9572406242147
672.7623946725092
672.567610168366
672.3728870924057
672.178225425257
671.9836251475531
671.7890862399342
671.594608683046
671.4001924575414
671.2058375440777
671.0115439233201
670.8173115759383
670.6231404826094
670.4290306240159
670.2349819808462
670.0409945337955
669.8470682635639
669.6532031508593
669.4593991763946
669.2656563208886
669.071974565067
668.8783538896611
668.6847942754073
668.4912957030502
668.2978581533388
668.1044816070289
667.911166044882
667.7179114476661
667.5247177961547
667.3315850711276
667.1385132533717
666.9455023236774
666.7525522628437
666.5596630516749
666.3668346709806
666.1740671015774
665.981360324287
665.7887143199383
665.5961290693658
665.4036045534091
665.2111407529152
665.0187376487365
664.8263952217316
664.6341134527648
664.4418923227068
664.249731812434
664.0576319028295
663.8655925747817
663.6736138091858
663.4816955869414
663.2898378889564
663.0980406961431
662.9063039894199
662.7146277497127
662.5230119579514
662.331456595073
662.1399616420209
661.9485270797434
661.7571528891951
661.5658390513372
661.3745855471373
661.1833923575673
660.9922594636066
660.8011868462401
660.6101744864579
660.4192223652581
660.2283304636428
660.0374987626207
659.8467272432069
659.6560158864231
659.465364673295
659.2747735848554
659.0842426021438
658.8937717062041
658.703360878088
658.5130100988515
658.3227193495577
658.132488611275
657.9423178650782
657.7522070920479
657.5621562732707
657.3721653898389
657.1822344228514
656.9923633534121
656.8025521626321
656.612800831627
656.42310934152
656.2334776734388
656.0439058085176
655.854393727897
655.6649414127227
655.4755488441472
655.2862160033281
655.0969428714293
654.9077294296217
654.7185756590802
654.5294815409865
654.3404470565285
654.1514721869004
653.9625569133011
653.7737012169363
653.5849050790174
653.396168480762
653.2074914033933
653.0188738281408
652.8303157362386
652.6418171089285
652.4533779274576
652.2649981730787
652.0766778270498
651.8884168706368
651.7002152851094
651.5120730517443
651.3239901518244
651.1359665666375
650.948002277478
650.7600972656459
650.5722515124475
650.3844649991943
650.1967377072046
650.0090696178016
649.8214607123152
649.6339109720806
649.4464203784396
649.2589889127393
649.0716165563322
648.8843032905779
648.6970490968419
648.5098539564934
648.3227178509104
648.1356407614747
647.9486226695751
647.7616635566055
647.574763403966
647.3879221930632
647.2011399053082
647.0144165221192
646.8277520249195
646.6411463951385
646.4545996142118
646.2681116635802
646.0816825246908
645.8953121789965
645.709000607956
645.522747793034
645.3365537157007
645.1504183574317
644.9643416997103
644.778323724024
644.5923644118658
644.4064637447358
644.22062170414
644.0348382715887
643.8491134285997
643.6634471566957
643.4778394374049
643.292290252263
643.1067995828091
642.92136741059
642.7359937171582
642.5506784840708
642.365421692892
642.1802233251907
641.9950833625428
641.8100017865287
641.6249785787362
641.4400137207574
641.255107194191
641.0702589806414
640.8854690617184
640.7007374190382
640.5160640342223
640.3314488888988
640.1468919647
639.962393243266
639.7779527062412
639.5935703352764
639.4092461120281
639.2249800181584
639.0407720353355
638.8566221452334
638.672530329531
638.4884965699143
638.3045208480743
638.120603145708
637.9367434445177
637.7529417262125
637.5691979725063
637.3855121651192
637.2018842857767
637.0183143162105
636.8348022381579
636.6513480333624
636.4679516835718
636.2846131705415
636.1013324760314
635.918109581808
635.7349444696424
635.5518371213128
635.3687875186027
635.1857956433006
635.0028614772013
634.8199850021057
634.6371661998201
634.4544050521563
634.2717015409318
634.0890556479708
633.9064673551023
633.7239366441605
633.541463496987
633.3590478954279
633.1766898213356
632.9943892565673
632.812146182987
632.629960582464
632.4478324368735
632.2657617280956
632.0837484380176
631.901792548531
631.7198940415338
631.5380528989303
631.3562691026284
631.1745426345443
630.9928734765983
630.8112616107168
630.6297070188316
630.4482096828807
630.266769584808
630.0853867065622
629.9040610300982
629.7227925373768
629.5415812103641
629.3604270310323
629.1793299813586
628.9982900433265
628.8173071989249
628.636381430149
628.4555127189983
628.2747010474794
628.0939463976042
627.9132487513896
627.7326080908587
627.5520243980405
627.3714976549693
627.191027843685
627.0106149462332
626.8302589446657
626.6499598210393
626.4697175574167
626.2895321358662
626.109403538462
625.9293317472833
625.7493167444163
625.5693585119509
625.3894570319845
625.209612286619
625.0298242579624
624.8500929281281
624.6704182792357
624.4908002934097
624.3112389527804
624.1317342394843
623.9522861356629
623.7728946234637
623.5935596850392
623.4142813025486
623.235059458156
623.0558941340311
622.8767853123496
622.6977329752928
622.5187371050467
622.3397976838044
622.1609146937633
621.9820881171277
621.8033179361059
621.6246041329136
621.4459466897708
621.2673455889031
621.088800812543
620.9103123429271
620.7318801622982
620.5535042529052
620.3751845970017
620.1969211768479
620.0187139747081
619.8405629728536
619.6624681535612
619.4844294991124
619.3064469917953
619.1285206139019
618.9506503477323
618.7728361755902
618.5950780797854
618.4173760426337
618.2397300464562
618.0621400735793
617.8846061063352
617.7071281270618
617.5297061181028
617.3523400618064
617.175029940528
616.9977757366267
616.8205774324686
616.6434350104254
616.4663484528729
616.2893177421938
616.1123428607764
615.9354237910135
615.7585605153042
615.5817530160531
615.4050012756703
615.2283052765715
615.0516650011776
614.8750804319153
614.6985515512168
614.5220783415203
614.3456607852693
614.1692988649119
613.9929925629029
613.8167418617022
613.6405467437751
613.4644071915927
613.2883231876314
613.1122947143737
612.9363217543067
612.7604042899239
612.5845423037234
612.4087357782096
612.232984695892
612.0572890392862
611.8816487909124
611.7060639332972
611.5305344489718
611.3550603204742
611.179641530346
611.0042780611362
610.8289698953984
610.653717015692
610.4785194045813
610.3033770446367
610.1282899184341
609.9532580085546
609.7782812975848
609.6033597681171
609.4284934027493
609.2536821840839
609.0789260947304
608.9042251173024
608.7295792344199
608.554988428708
608.3804526827971
608.2059719793231
608.0315463009279
607.8571756302586
607.6828599499672
607.5085992427122
607.3343934911568
607.1602426779698
606.9861467858257
606.8121057974045
606.6381196953913
606.4641884624766
606.290312081357
606.1164905347343
605.9427238053154
605.7690118758127
605.5953547289444
605.421752347434
605.2482047140103
605.074711811408
604.9012736223667
604.7278901296318
604.5545613159536
604.3812871640887
604.2080676567986
604.0349027768501
603.861792507016
603.6887368300739
603.5157357288072
603.342789186005
603.1698971844606
602.9970597069746
602.8242767363513
602.6515482554018
602.4788742469412
602.3062546937914
602.133689578779
601.9611788847361
601.7887225945
601.6163206909138
601.4439731568261
601.2716799750901
601.0994411285658
600.9272566001173
600.7551263726144
600.5830504289329
600.411028751953
600.2390613245617
600.0671481296499
599.8952891501153
599.7234843688595
599.5517337687908
599.380037332822
599.2083950438717
599.0368068848643
598.8652728387286
598.6937928883996
598.522367016817
598.3509952069267
598.1796774416794
598.0084137040312
597.8372039769437
597.6660482433842
597.4949464863246
597.3238986887428
597.1529048336221
596.9819649039504
596.8110788827221
596.6402467529359
596.4694684975965
596.2987440997139
596.1280735423035
595.9574568083855
595.786893880986
595.6163847431366
595.4459293778737
595.2755277682393
595.1051798972805
594.9348857480508
594.7646453036077
594.5944585470145
594.4243254613403
594.2542460296589
594.0842202350499
593.9142480605979
593.7443294893931
593.574464504531
593.4046530891121
593.2348952262424
593.065190899034
592.895540090603
592.7259427840713
592.5563989625668
592.3869086092225
592.2174717071754
592.0480882395693
591.8787581895531
591.7094815402806
591.540258274911
591.371088376609
591.2019718285446
591.0329086138929
590.8638987158342
590.6949421175548
590.5260388022456
590.3571887531026
590.188391953328
590.019648386129
589.8509580347175
589.6823208823109
589.5137369121328
589.3452061074111
589.1767284513792
589.0083039272754
588.839932518345
588.6716142078363
588.5033489790044
588.3351368151087
588.1669776994149
587.9988716151934
587.8308185457194
587.6628184742746
587.4948713841452
587.3269772586223
587.1591360810033
586.9913478345898
586.8236125026897
586.6559300686148
586.4883005156835
586.3207238272189
586.1531999865496
585.9857289770094
585.8183107819364
585.6509453846753
585.4836327685757
585.316372916992
585.1491658132845
584.9820114408176
584.8149097829623
584.6478608230943
584.4808645445944
584.3139209308486
584.1470299652484
583.9801916311903
583.8134059120765
583.646672791314
583.4799922523147
583.3133642784969
583.1467888532829
582.9802659601005
582.8137955823836
582.64737770357
582.4810123071038
582.314699376434
582.148438895014
581.9822308463041
581.8160752137686
581.6499719808769
581.4839211311045
581.3179226479308
581.1519765148422
580.986082715329
580.8202412328867
580.6544520510165
580.4887151532248
580.323030523023
580.1573981439276
579.9918179994605
579.8262900731486
579.6608143485242
579.4953908091252
579.3300194384933
579.1647002201772
578.9994331377294
578.8342181747083
578.6690553146769
578.5039445412041
578.3388858378638
578.1738791882344
578.0089245759004
577.8440219844507
577.6791713974801
577.514372798588
577.3496261713791
577.184931499464
577.0202887664566
576.8556979559785
576.6911590516543
576.5266720371151
576.3622368959966
576.1978536119396
576.03352216859
575.8692425495994
575.7050147386244
575.5408387193258
575.3767144753714
575.2126419904323
575.0486212481856
574.8846522323139
574.7207349265038
574.5568693144486
574.3930553798452
574.229293106397
574.0655824778111
573.9019234778015
573.7383160900854
573.574760298387
573.4112560864338
573.24780343796
573.0844023367041
572.9210527664097
572.7577547108262
572.5945081537077
572.4313130788127
572.2681694699062
572.1050773107577
571.9420365851411
571.7790472768363
571.6161093696282
571.4532228473071
571.2903876936675
571.1276038925093
570.9648714276386
570.802190282865
570.6395604420043
570.4769818888766
570.3144546073084
570.1519785811294
569.9895537941763
569.8271802302896
569.6648578733154
569.502586707105
569.340366715515
569.1781978824059
569.0160801916443
568.8540136271021
568.6919981726555
568.5300338121866
568.3681205295818
568.2062583087329
568.0444471335372
567.8826869878964
567.7209778557176
567.5593197209131
567.3977125673999
567.2361563791004
567.074651139942
566.9131968338571
566.7517934447828
566.5904409566626
566.4291393534434
566.2678886190783
566.1066887375243
565.9455396927452
565.784441468708
565.6233940493865
565.4623974187579
565.3014515608056
565.1405564595179
564.9797120988876
564.8189184629125
564.6581755355967
564.4974833009478
564.3368417429797
564.1762508457099
564.0157105931627
563.8552209693661
563.6947819583534
563.5343935441635
563.3740557108396
563.2137684424306
563.05353172299
562.8933455365764
562.7332098672534
562.5731246990895
562.4130900161589
562.25310580254
562.0931720423166
561.9332887195775
561.7734558184164
561.6136733229324
561.4539412172292
561.2942594854153
561.1346281116046
560.9750470799163
560.8155163744746
560.6560359794073
560.4966058788491
560.3372260569383
560.1778964978196
560.0186171856412
559.859388104557
559.7002092387265
559.541080572313
559.3820020894857
559.2229737744178
559.0639956112891
558.9050675842826
558.7461896775875
558.587361875398
558.4285841619122
558.2698565213342
558.1111789378729
557.9525513957418
557.7939738791596
557.6354463723504
557.4769688595428
557.3185413249698
557.160163752871
557.0018361274892
556.8435584330729
556.6853306538765
556.5271527741577
556.3690247781803
556.2109466502129
556.0529183745282
555.894939935405
555.7370113171269
555.5791325039816
555.4213034802626
555.263524230268
555.1057947383009
554.9481149886692
554.7904849656866
554.6329046536703
554.4753740369434
554.3178930998338
554.1604618266745
554.0030802018031
553.845748209562
553.6884658342994
553.5312330603672
553.3740498721235
553.2169162539302
553.0598321901546
552.9027976651695
552.745812663352
552.588877169084
552.4319911667526
552.2751546407496
552.1183675754723
551.9616299553226
551.8049417647068
551.6483029880368
551.491713609729
551.335173614205
551.1786829858916
551.0222417092195
550.865849768625
550.7095071485497
550.5532138334393
550.3969698077449
550.2407750559223
550.0846295624318
549.9285333117399
549.7724862883165
549.6164884766372
549.4605398611827
549.304640426438
549.1487901568929
548.9929890370429
548.8372370513879
548.681534184432
548.5258804206857
548.3702757446636
548.2147201408847
548.0592135938732
547.9037560881588
547.7483476082755
547.5929881387622
547.4376776641626
547.2824161690256
547.1272036379049
546.972040055359
546.8169254059508
546.6618596742487
546.5068428448262
546.3518749022606
546.1969558311353
546.0420856160375
545.8872642415599
545.7324916923001
545.57776795286
545.4230930078467
545.2684668418724
545.1138894395539
544.9593607855127
544.8048808643753
544.6504496607731
544.4960671593425
544.3417333447242
544.1874482015642
544.0332117145134
543.8790238682271
543.7248846473663
543.5707940365953
543.4167520205851
543.2627585840103
543.1088137115503
542.95491738789
542.8010695977189
542.6472703257313
542.4935195566256
542.3398172751067
542.1861634658828
542.0325581136673
541.8790012031787
541.7254927191404
541.5720326462798
541.4186209693306
541.26525767303
541.1119427421198
540.9586761613484
540.8054579154672
540.6522879892334
540.4991663674082
540.3460930347584
540.1930679760553
540.0400911760751
539.8871626195984
539.7342822914108
539.5814501763035
539.4286662590711
539.2759305245141
539.1232429574374
538.9706035426499
538.8180122649669
538.6654691092076
538.5129740601956
538.36052710276
538.2081282217343
538.0557774019567
537.9034746282708
537.7512198855245
537.5990131585703
537.4468544322658
537.2947436914735
537.1426809210597
536.9906661058973
536.8386992308623
536.6867802808358
536.5349092407045
536.3830860953592
536.2313108296954
536.0795834286134
535.9279038770187
535.7762721598211
535.6246882619356
535.473152168281
535.3216638637822
535.1702233333677
535.0188305619715
534.8674855345323
534.716188235993
534.5649386513016
534.4137367654107
534.2625825632782
534.1114760298664
533.9604171501414
533.8094059090755
533.6584422916451
533.5075262828318
533.3566578676205
533.2058370310027
533.0550637579737
532.9043380335332
532.7536598426864
532.6030291704426
532.4524460018162
532.3019103218269
532.1514221154971
532.0009813678564
531.8505880639375
531.7002421887787
531.549943727422
531.3996926649152
531.2494889863106
531.0993326766646
530.9492237210385
530.7991621044993
530.6491478121169
530.4991808289676
530.3492611401317
530.199388730694
530.0495635857444
529.8997856903769
529.7500550296915
529.6003715887914
529.4507353527855
529.3011463067866
529.151604435913
529.002109725287
528.8526621600363
528.7032617252926
528.5539084061929
528.4046021878781
528.2553430554948
528.1061309941936
527.9569659891298
527.8078480254635
527.6587770883594
527.5097531629875
527.3607762345213
527.2118462881399
527.062963309027
526.9141272823706
526.7653381933637
526.6165960272034
526.4679007690924
526.3192524042371
526.1706509178492
526.022096295145
525.873588521345
525.7251275816753
525.5767134613654
525.4283461456506
525.2800256197704
525.1317518689684
524.9835248784939
524.8353446336001
524.687211119545
524.539124321592
524.3910842250073
524.243090815064
524.095144077038
523.9472439962115
523.7993905578695
523.6515837473031
523.503823549808
523.3561099506829
523.2084429352332
523.0608224887677
522.9132485966006
522.76572124405
522.6182404164389
522.4708060990951
522.3234182773505
522.1760769365425
522.0287820620127
521.8815336391067
521.7343316531758
521.5871760895755
521.4400669336651
521.2930041708103
521.1459877863796
520.9990177657469
520.8520940942909
520.7052167573949
520.5583857404463
520.4116010288374
520.2648626079651
520.118170463231
519.9715245800414
519.8249249438072
519.6783715399432
519.5318643538697
519.3854033710109
519.2389885767965
519.0926199566593
518.9462974960387
518.800021180377
518.6537909951217
518.507606925725
518.3614689576439
518.2153770763389
518.0693312672765
517.9233315159271
517.7773778077653
517.6314701282711
517.4856084629282
517.3397927972261
517.1940231166575
517.0482994067205
516.9026216529178
516.756989840756
516.611403955747
516.4658639834072
516.3203699092567
516.1749217188215
516.0295193976314
515.8841629312205
515.7388523051279
515.5935875048974
515.448368516077
515.3031953242194
515.1580679148818
515.0129862736263
514.867950386019
514.7229602376303
514.5780158140366
514.4331171008172
514.2882640835574
514.1434567478457
513.9986950792755
513.8539790634455
513.7093086859585
513.5646839324214
513.4201047884465
513.2755712396496
513.1310832716521
512.9866408700789
512.84224402056
512.6978927087304
512.5535869202284
512.4093266406983
512.2651118557877
512.1209425511493
511.9768187124401
511.8327403253221
511.6887073754609
511.5447198485279
511.40077773019766
511.2568810061504
511.11302966207006
510.9692236836452
510.8254630565698
510.6817477665408
510.53807779926115
510.3944531404371
510.2508737757805
510.10733969100664
509.96385087183603
509.8204073039939
509.6770089732092
509.5336558652156
509.39034796575174
509.24708526056
509.1038677353883
508.960695375988
508.81756816811554
508.67448609753177
508.53144915000195
508.3884573112958
508.2455105671877
508.10260890345614
507.9597523058846
507.816940760261
507.67417425237693
507.5314527680297
507.38877629302
507.2461448131536
507.1035583142407
506.96101678209595
506.8185202025382
506.67606856139116
506.5336618444828
506.3913000376454
506.2489831267163
506.10671109753645
505.964483935952
505.8223016278136
505.6801641589752
505.5380715152967
505.3960236826417
505.25402064687864
505.1120623938794
504.97014890952175
504.828280179687
504.68645619026125
504.5446769271348
504.4029423762029
504.26125252336425
504.11960735452294
503.9780068555875
503.8364510124704
503.69493981108855
503.5534732373641
503.41205127722236
503.2706739165941
503.1293411414142
502.988052937622
502.8468092911611
502.7056101879802
502.56445561403126
502.4233455552715
502.2822799976627
502.1412589271703
502.0002823297653
501.8593501914214
501.7184624981188
501.57761923584076
501.436820390575
501.2960659483142
501.1553558950554
501.0146902167998
500.8740688995525
500.7334919293244
500.59295929212936
500.4524709739868
500.3120269609199
500.17162723895603
500.0312717941279
499.8909606124718
499.750693680029
499.6104709828441
499.47029250696755
499.3301582384531
499.1900681633597
499.0500222677499
498.91002053769114
498.77006295925514
498.63014951851835
498.49028020156095
498.3504549944679
498.2106738833287
498.0709368542368
497.9312438932903
497.791594986592
497.65199012024806
497.5124292803703
497.37291245307426
497.2334396244795
497.0940107807108
496.95462590789657
496.81528499217035
496.6759880196694
496.5367349765354
496.3975258489149
496.258360622958
496.1192392848201
495.98016182066027
495.84112821664263
495.7021384589344
495.56319253370896
495.4242904271424
495.2854321254163
495.14661761471564
495.007846881231
494.869119911156
494.7304366906894
494.59179720603396
494.45320144339695
494.31464938899046
494.17614102902985
494.03767634973553
493.89925533733253
493.7608779780494
493.6225442581199
493.48425416378154
493.34600768127603
493.20780479685016
493.0696454967545
492.93152976724406
492.79345759457806
492.65542896502046
492.51744386483915
492.3795022803065
492.24160419769936
492.1037496032986
491.9659384833894
491.82817082426175
491.6904466122095
491.5527658335312
491.4151284745289
491.2775345215104
491.139983960786
491.0024767786722
490.8650129614886
490.7275924955591
490.59021536721264
490.4528815627819
490.31559106860425
490.1783438710206
490.0411399563774
489.9039793110244
489.7668619213159
489.62978777361076
489.492756854272
489.35576914966674
489.2188246461665
489.08192333014784
488.9450651879901
488.80825020607847
488.67147837080074
488.5347496685513
488.3980640857263
488.26142160872826
488.1248222239624
487.98826591783944
487.85175267677374
487.7152824871844
487.578855335494
487.4424712081302
487.3061300915244
487.1698319721127
487.0335768363355
486.89736467063676
486.76119546146555
486.625069195275
486.48898585852214
486.35294543766884
486.21694791918054
486.08099328952767
485.94508153518444
485.8092126426296
485.673386598346
485.53760338882057
485.40186300054506
485.2661654200152
485.13051063373047
484.9948986281954
484.85932938991857
484.72380290541247
484.58831916119414
484.45287814378463
484.3174798397097
484.18212423549886
484.0468113176862
483.9115410728098
483.7763134874123
483.6411285480403
483.50598624124444
483.3708865535807
