22736.00767757931
22645.374827475607
22555.104146240916
22465.194186648438
22375.643507254492
22286.450672375402
22197.614252064493
22109.132822089145
22021.004963907977
21933.2292646481
21845.804317082468
21758.728719607312
21672.001076219658
21585.619996494985
21499.584095564893
21413.891994094924
21328.54231826242
21243.533699734537
21158.864775646307
21074.534188578724
20990.540586537063
20906.882622929163
20823.558956543842
20740.56825152939
20657.909177372185
20575.580408875303
20493.580626137336
20411.908514531195
20330.56276468303
20249.542072451255
20168.845138905643
20088.470670306477
20008.417378083832
19928.683978816913
19849.269194213462
19770.171751089285
19691.390381347836
19612.923821959866
19534.770814943215
19456.930107342607
19379.400451209567
19302.180603582434
19225.26932646642
19148.665386813762
19072.367556503956
18996.374612324067
18920.685335949118
18845.298513922568
18770.212937636836
18695.427403313937
18620.9407119862
18546.751669477002
18472.859086381675
18399.261778048392
18325.958564559212
18252.94827071114
18180.229725997277
18107.80176458809
18035.6632253127
17963.81295164025
17892.249791661397
17820.972598069817
17749.98022814383
17679.27154372807
17608.845411215236
17538.700701527923
17468.836290100517
17399.251056861176
17329.943886213863
17260.91366702045
17192.15929258294
17123.679660625683
17055.47367327772
16987.540237055204
16919.87826284383
16852.48666588141
16785.36436574045
16718.51028631085
16651.923355782652
16585.602506628846
16519.54667558826
16453.75480364851
16388.225836029033
16322.958722164161
16257.952415686294
16193.205874409114
16128.718060310874
16064.487939517778
16000.514482287364
15936.796662992043
15873.33346010263
15810.12385617196
15747.166837818599
15684.46139571058
15622.00652454922
15559.801223053022
15497.844493941604
15436.135343919714
15374.672783661312
15313.455827793703
15252.483494881739
15191.754807412093
15131.268791777575
15071.024478261535
15011.020901022302
14951.257098077716
14891.7321112897
14832.444986348888
14773.39477275934
14714.580523823295
14656.001296625998
14597.656152020581
14539.54415461301
14481.664372747075
14424.01587848948
14366.597747614935
14309.40905959137
14252.448897565142
14195.716348346374
14139.210502394282
14082.930453802617
14026.875300285123
13971.044143161087
13915.436087340915
13860.050241311803
13804.885717123421
13749.9416303737
13695.217100194623
13640.711249238148
13586.423203662094
13532.352093116162
13478.497050727969
13424.857213089163
13371.43172024156
13318.219715663376
13265.220346255484
13212.432762327751
13159.856117585388
13107.48956911542
13055.332277373136
13003.383406168654
12951.642122653504
12900.107597307284
12848.779003924343
12797.655519600561
12746.736324720141
12696.02060294246
12645.507541189003
12595.196329630315
12545.086161673013
12495.17623394687
12445.465746291919
12395.953901745635
12346.639906530161
12297.522970039567
12248.602304827189
12199.877126593003
12151.34665417104
12103.010109516874
12054.866717695144
12006.915706867136
11959.156308278394
11911.587756246417
11864.209288148353
11817.020144408816
11770.019568487658
11723.206806867882
11676.581109043538
11630.141727507702
11583.88791774048
11537.818938197093
11491.934050295959
11446.232518406878
11400.713609839226
11355.376594830212
11310.220746533167
11265.245341005924
11220.449657199166
11175.832976944897
11131.394584944928
11087.133768759388
11043.049818795327
10999.142028295324
10955.409693326154
10911.852112767527
10868.468588300808
10825.25842439786
10782.220928309867
10739.355410056241
10696.661182413558
10654.137560904534
10611.783863787063
10569.59941204327
10527.583529368649
10485.73554216119
10444.054779510614
10402.54057318759
10361.192257633036
10320.009169947436
10278.990649880225
10238.136039819206
10197.444684779992
10156.91593239551
10116.549132905559
10076.34363914637
10036.298806540242
9996.413993085209
9956.688559344742
9917.121868437504
9877.713286027127
9838.462180312064
9799.367922015439
9760.429884374966
9721.647443132906
9683.019976526048
9644.546865275752
9606.22749257801
9568.06124409357
9530.047507938072
9492.185674672253
9454.475137292166
9416.915291219448
9379.505534291633
9342.245266752507
9305.133891242464
9268.170812788961
9231.355438796956
9194.687179039425
9158.165445647886
9121.789653102978
9085.55921822508
9049.473560164955
9013.532100394435
8977.73426269716
8942.079473159323
8906.56716016048
8871.196754364382
8835.967688709843
8800.87939840166
8765.931320901545
8731.122895919125
8696.453565402935
8661.922773531487
8627.529966704355
8593.274593533306
8559.156104833448
8525.173953614436
8491.327595071692
8457.616486577688
8424.040087673224
8390.59786005878
8357.289267585888
8324.113776248516
8291.070854174528
8258.159971617148
8225.380600946466
8192.732216640985
8160.214295279189
8127.826315531155
8095.567758150192
8063.438105964527
8031.436843868993
7999.563458816796
7967.817439811263
7936.198277897679
7904.7054661551
7873.338499688245
7842.096875619394
7810.98009308032
7779.987653204272
7749.1190591179675
7718.373815933634
7687.751430741066
7657.251412599725
7626.873272530879
7596.616523509747
7566.480680457703
7536.465260234496
7506.5697816305
7476.793765359005
7447.136734048531
7417.598212235174
7388.177726354985
7358.87480473637
7329.688977592546
7300.619777013985
7271.666736960942
7242.829393255945
7214.107283576399
7185.499947447127
7157.006926233031
7128.627763131704
7100.36200316613
7072.209193177381
7044.168881817343
7016.240619541503
6988.4239586017175
6960.718453039048
6933.123658676604
6905.639133112434
6878.264435712418
6850.999127603214
6823.842771665214
6796.794932525541
6769.855176551069
6743.023071841473
6716.298188222295
6689.680097238058
6663.1683721453965
6636.762587906203
6610.462321180833
6584.267150321295
6558.176655364515
6532.190418025579
6506.308021691048
6480.529051412274
6454.853093898731
6429.279737511412
6403.808572256218
6378.439189777384
6353.171183350936
6328.004147878167
6302.937679879147
6277.971377486251
6253.104840437719
6228.33767007123
6203.669469317527
6179.099842694034
6154.628396298532
6130.254737802824
6105.978476446467
6081.799223030486
6057.716589911159
6033.730190993776
6009.839641726465
5986.044559094029
5962.344561611789
5938.73926931949
5915.22830377519
5891.811288049203
5868.487846718061
5845.257605858478
5822.120193041367
5799.075237325875
5776.122369253422
5753.261220841788
5730.491425579205
5707.812618418492
5685.224435771193
5662.726515501751
5640.31849692171
5618.000020783911
5595.770729276762
5573.630266018473
5551.578276051363
5529.614405836165
5507.738303246344
5485.949617562474
5464.2479994665955
5442.633101036629
5421.104575740786
5399.6620784320285
5378.305265342517
5357.033794078107
5335.847323612872
5314.745514283618
5293.728027784443
5272.794527161314
5251.94467680668
5231.178142454062
5210.494591172716
5189.893691362293
5169.375112747511
5148.938526372874
5128.583604597388
5108.310021089319
5088.117450820947
5068.005570063367
5047.974056381295
5028.022588627897
5008.150846939639
4988.358512731171
4968.645268690198
4949.010798772414
4929.454788196421
4909.97692343869
4890.5768922285315
4871.254383543086
4852.00908760235
4832.840695864192
4813.7489010194195
4794.733396986849
4775.793878908389
4756.9300431441725
4738.14158726767
4719.428210060849
4700.789611509348
4682.225492797658
4663.735556304338
4645.319505597249
4626.977045428784
4608.707881731152
4590.511721611657
4572.388273347997
4554.337246383598
4536.358351322952
4518.4512999269655
4500.6158051083585
4482.851580927047
4465.158342585562
4447.535806424491
4429.983689917921
4412.501711668911
4395.0895914049825
4377.747049973631
4360.473809337836
4343.269592571625
4326.13412385561
4309.067128472584
4292.068332803108
4275.137464321128
4258.274251589602
4241.478424256152
4224.749713048725
4208.087849771284
4191.4925672995
4174.963599576473
4158.500681608466
4142.10354946066
4125.771940252917
4109.505592155569
4093.304244385216
4077.1676372005522
4061.0955118982015
4045.0876108085567
4029.143677291667
4013.2634557331107
3997.446691539904
3981.6931311364115
3966.0025219602917
3950.3746124584386
3934.8091520829553
3919.305891287132
3903.8645815214504
3888.4849752295913
3873.1668258444743
3857.9098877843003
3842.7139164486157
3827.5786682143876
3812.5039004321034
3797.48937142188
3782.534840469577
3767.6400678229634
3752.804814687844
3738.0288432242523
3723.3119165426288
3708.653798700026
3694.0542546963215
3679.5130504704575
3665.029952896678
3650.604729780805
3636.2371498565017
3621.926982781576
3607.673999134282
3593.477970409643
3579.3386690157868
3565.255868270301
3551.229342396595
3537.2588665202784
3523.344216665564
3509.4851697516697
3495.681503589244
3481.9329968768016
3468.2394291971827
3454.6005810140136
3441.016233668183
3427.4861693743464
3414.0101712174273
3400.588023149143
3387.21950998454
3373.9044173985417
3360.642531922519
3347.4336409408584
3334.277532687561
3321.1739962428423
3308.122821529757
3295.1237993108252
3282.176721184681
3269.281379582728
3256.4375677658163
3243.6450798209244
3230.903710657861
3218.213256005973
3205.573512410874
3192.984277231182
3180.445348635267
3167.9565255980206
3155.517607897633
3143.1283961123754
3130.788691617412
3118.498296581608
3106.257013964371
3094.0646475124704
3081.9210017569108
3069.8258820097926
3057.779094361183
3045.7804456760177
3033.8297435909976
3021.9267965115087
3010.0714136085508
2998.2634048156715
2986.5025808259297
2974.7887530888506
2963.1217338074093
2951.5013359350164
2939.9273731725193
2928.3996599652223
2916.9180114999035
2905.4822437018515
2894.0921732319216
2882.747617483588
2871.4483945800234
2860.1943233711845
2848.9852234308933
2837.8209150539665
2826.701219253313
2815.6259577570763
2804.5949530057815
2793.6080281494696
2782.665007044886
2771.7657142526355
2760.9099750343844
2750.097615350047
2739.32846185501
2728.602341897338
2717.9190835150184
2707.278515433194
2696.680467061424
2686.1247684909486
2675.6112504919597
2665.1397445108946
2654.7100826677315
2644.3220977532924
2633.975623226572
2623.670493212059
2613.406542497085
2603.1836065291673
2593.001521413378
2582.860123909711
2572.75925143047
2562.698742037655
2552.678434440374
2542.698167992252
2532.757782688855
2522.8571191651317
2512.996018692847
2503.1743231780524
2493.391875158534
2483.6485178013018
2473.9440949000696
2464.27845087275
2454.651430758965
2445.0628802175524
2435.5126455241048
2426.000573568491
2416.5265118524135
2407.090308486952
2397.6918121901376
2388.3308722845286
2379.00733869478
2369.721061945257
2360.4718931576263
2351.259684048469
2342.084286926913
2332.9455546922536
2323.8433408316055
2314.7774994175443
2305.747885105773
2296.7543531327906
2287.796759313574
2278.8749600392575
2269.988812274842
2261.1381735568925
2252.3229019912606
2243.542856250804
2234.797895573128
2226.087879758318
2217.4126691667057
2208.7721247166164
2200.166107882149
2191.5944806909524
2183.0571057220127
2174.5538461034484
2166.0845655103203
2157.649128162441
2149.247398822205
2140.8792427924122
2132.5445259141147
2124.243114564463
2115.9748756545655
2107.7396766273514
2099.537385455449
2091.3678706390706
2083.2310012038974
2075.126646698988
2067.05467719468
2059.014963280512
2051.0073760631444
2043.0317871642972
2035.0880687186914
2027.1760933719916
2019.2957342787786
2011.4468651005016
2003.6293600034603
1995.8430936567884
1988.0879412304375
1980.3637783931817
1972.6704813106248
1965.0079266432083
1957.3759915442433
1949.7745536579332
1942.2034911174185
1934.6626825428143
1927.1520070392758
1919.6713441950478
1912.2205740795464
1904.7995772414247
1897.4082347066694
1890.046427976683
1882.7140390263899
1875.410950302343
1868.137044720835
1860.8922056660315
1853.676316988091
1846.4892630013085
1839.3309284822562
1832.2011986679415
1825.0999592539665
1818.0270963926885
1810.9824966914039
1803.9660472105256
1796.9776354617738
1790.0171494063707
1783.0844774532445
1776.1795084572427
1769.3021317173489
1762.452236974907
1755.6297144118578
1748.8344546489686
1742.0663487440925
1735.3252881904118
1728.6111649147026
1721.9238712756053
1715.263300061889
1708.6293444907421
1702.0218982060592
1695.440855276728
1688.8861101949435
1682.3575578745067
1675.8550936491392
1669.3786132708194
1662.9280129080898
1656.5031891444116
1650.1040389764905
1643.730459812642
1637.3823494711316
1631.0596061785466
1624.7621285681587
1618.4898156783001
1612.242566950752
1606.0202822291183
1599.8228617572324
1593.6502061775507
1587.5022165295657
1581.378794248216
1575.2798411623007
1569.2052594929173
1563.1549518518848
1557.1288212401862
1551.1267710464122
1545.1487050452113
1539.1945273957524
1533.2641426401794
1527.357455702091
1521.4743718850066
1515.6147968708567
1509.7786367184613
1503.9657978620348
1498.1761871096794
1492.4097116418911
1486.6662790100706
1480.9457971350482
1475.2481743055978
1469.5733191769732
1463.9211407694436
1458.2915484668306
1452.684452015058
1447.0997615207068
1441.5373874495706
1435.997240625224
1430.4792322275869
1424.9832737915071
1419.5092772053374
1414.0571547095255
1408.6268188952088
1403.2181827028048
1397.831159420624
1392.4656626834812
1387.1216064712996
1381.7989051077416
1376.4974732588319
1371.21722593159
1365.9580784726695
1360.7199465669937
1355.502746236413
1350.3063938383534
1345.1308060644783
1339.9758999393453
1334.8415928190889
1329.7278023900851
1324.6344466676362
1319.5614439946535
1314.508713040352
1309.476172798944
1304.46374258834
1299.471342048859
1294.4988911419316
1289.5463101488303
1284.6135196693758
1279.7004406206788
1274.80699423586
1269.9331020627951
1265.0786859628538
1260.2436681096465
1255.427970987781
1250.6315173916153
1245.854230424019
1241.096033495146
1236.3568503212
1231.636604923218
1226.9352216258465
1222.252625056131
1217.5887401423058
1212.9434921125992
1208.316806494019
1203.70860911117
1199.1188260850627
1194.5473838319272
1189.9942090620368
1185.4592287785267
1180.942370276228
1176.4435611405054
1171.9627292460896
1167.4998027559234
1163.0547101200123
1158.6273800742742
1154.217741639399
1149.825724119709
1145.4512571020273
1141.0942704545503
1136.7546943257146
1132.4324591430905
1128.1274956122554
1123.8397347156897
1119.5691077116685
1115.315546133154
1111.078981786706
1106.8593467513872
1102.656573377671
1098.470594286355
1094.3013423674872
1090.1487507792874
1086.0127529470765
1081.8932825622007
1077.790273580984
1073.703660223655
1069.6333769733035
1065.5793585748193
1061.5415400338552
1057.5198566157817
1053.5142438446462
1049.524637502144
1045.5509736265867
1041.5931885118766
1037.6512187064857
1033.725001012435
1029.8144724842903
1025.9195704281437
1022.0402324006146
1018.1763962078429
1014.3279999044981
1010.494981792781
1006.6772804214376
1002.8748345847745
999.0875833216743
995.3154659146226
991.5584218887286
987.8163910107625
984.0893132881852
980.3771289681858
976.6797785367313
972.9972027175993
969.3293424714407
965.6761389948259
962.0375337193033
958.4134683104617
954.803884666994
951.2087249197659
947.6279314308886
944.0614467927921
940.5092138273088
936.9711755847565
933.4472753430207
929.9374566066513
926.4416631059516
922.9598387960822
919.4919278561539
916.0378746883414
912.5976239169887
909.1711203877163
905.7583091665481
902.35913553902
898.9735450093073
895.6014832993519
892.2428963479891
888.8977303100837
885.5659315556658
882.2474466690703
878.9422224480819
875.6502059030811
872.3713442561939
869.1055849404468
865.8528755989262
862.6131640839341
859.3863984561563
856.172526983826
852.9714981419005
849.7832606112264
846.6077632777244
843.444955231569
840.2947857663646
837.1572043783433
834.0321607655482
830.9196048270303
827.8194866620433
824.7317565692432
821.6563650458929
818.5932627870709
815.542400684875
812.5037298276388
809.477201499149
806.4627671778596
803.4603785361179
800.4699874393883
797.4915459454818
794.5250063037847
791.5703209544963
788.6274425278627
785.6963238434229
782.7769179092452
779.8691779211814
776.9730572621099
774.0885095011918
771.2154883931262
768.353947877408
765.5038420775913
762.6651253005507
759.837752035751
757.0216769545173
754.216854909309
751.4232409329924
748.6407902381258
745.8694582162353
743.1092004371048
740.3599726480585
737.621730773258
734.8944309129896
732.1780293429626
729.472482513609
726.7777470493858
724.0937797480774
721.4205375801052
718.7579776878363
716.1060573848974
713.4647341554887
710.8339656537044
708.213709702853
705.6039242947812
703.0045675892013
700.415597913016
697.8369737596561
695.2686537884147
692.7105968237773
690.1627618547703
687.6251080343
685.0975946784965
682.5801812660618
680.0728274376239
677.5754929950842
675.0881379009767
672.610722277826
670.1432064075052
667.6855507306026
665.2377158457838
662.7996625091654
660.3713516336799
657.9527442884532
655.5438016981774
653.1444852424925
650.754756455365
648.3745770244713
646.0039087905826
643.6427137469566
641.2909540387244
638.9485919622874
636.6155899647079
634.2919106431093
631.9775167440807
629.6723711630726
627.3764369438059
625.0896772776796
622.812055503179
620.5435351052901
618.2840797149099
616.0336531082698
613.7922192063505
611.5597420743044
609.3361859208759
607.1215150978372
604.9156940994072
602.7186875616876
600.530460262092
598.350977118786
596.1802031901204
594.0181036740743
591.864643907694
589.7197893665393
587.5835056641316
585.455758551399
583.3365139161291
581.2257377824214
579.1233963101445
577.0294557943901
574.9438826649363
572.8666434857087
570.7977049542403
568.7370339011454
566.6845972895774
564.6403622147091
562.6042959032001
560.576365712672
558.5565391311859
556.5447837767192
554.5410673966487
552.5453578672315
550.5576231930953
548.5778315067163
546.605951067917
544.641950263351
542.6857976059991
540.737461734667
538.7969114134762
536.8641155313685
534.9390431016071
533.0216632612731
531.111945270782
529.2098585133817
527.3153724946638
525.4284568420767
523.5490813044375
521.6772157514466
519.8128301732052
517.9558946797353
516.1063795004964
514.2642549839138
512.4294915968992
510.6020599243784
508.78193066882204
506.96907464977
505.1634628033714
503.3650661819103
501.5738559533491
499.7898034008607
498.01287992237206
496.2430570301032
494.4803063501126
492.7245996218387
490.9759086976524
489.2342055423984
487.49946223295177
485.7716509577703
484.0507440164432
482.3367138192553
480.6295328867345
478.9291738492203
477.2356094464205
475.5488125269732
473.86875604801696
472.1954130747501
470.52875678000504
468.8687604438128
467.21539745298054
465.5686413006598
463.92846558592436
462.2948440133443
460.6677503925687
459.0471586379001
457.4330427678841
455.82537690488505
454.224135274675
452.6292922060183
451.0408221302643
449.45869958093243
447.8828991933083
446.313395704032
444.75016395070014
443.1931788714537
441.6424155045848
440.0978489881297
438.5594545594747
437.0272075549562
435.50108340946855
433.98105765606545
432.46710592557304
430.9592039461955
429.4573275431278
427.96145263816646
426.4715552493258
424.9876114904512
423.5095975708362
422.0374897948446
420.5712645615259
419.11089836423884
417.6563677902767
416.2076495204874
414.764720328904
413.3275570823717
411.89613674017136
410.4704363536587
409.05043306589124
407.6361041112614
406.22742681513364
404.8243785934815
403.4269369525229
402.03507948836176
400.64878388662765
399.26802792211834
397.89278945844285
396.52304644766804
395.15877692996435
393.7999590332537
392.446570972858
391.098591051152
389.75599765721324
388.4187692664762
387.0868844403887
385.76032182606536
384.43906015594956
383.12307824746836
381.8123550026921
380.50686940800233
379.20660053374894
377.911527533917
376.6216296457933
375.33688618962987
374.0572765683176
372.7827802670516
371.5133768530061
370.24904597500324
368.9897673631883
367.73552082870634
366.4862862633769
365.24204363936923
364.00277300888746
362.7684545038449
361.53906833554953
360.3145947943817
359.09501424948394
357.8803071484443
356.6704540169802
355.4654354586297
354.26523215443825
353.0698248626501
351.8791944183998
350.69332173340547
349.5121877956598
348.3357736691297
347.1640604934498
345.99702948361926
344.83466192970315
343.6769391965336
342.5238427234053
341.3753540237842
340.23145468500644
339.0921263679858
337.95735080692
336.8271098089969
335.70138525410187
334.58015909452735
333.4634133546872
332.351130130823
331.24329159072147
330.1398799734254
329.0408775889536
327.9462668180086
326.8560301117052
325.77014999128005
324.6886090478168
323.61138994196267
322.5384754036559
321.46984823184454
320.4054912942112
319.34538752690025
318.28951993424386
317.2378715884884
316.1904256295221
315.14716526460705
314.1080737681113
313.07313448123455
312.0423308117489
311.01564623372707
309.9930642872779
308.9745685782871
307.96014277814885
306.949770623509
305.9434359159986
304.94112252197925
303.94281437228267
302.94849546195235
301.95814984998765
300.9717616590884
299.9893150753998
299.01079434826016
298.0361837899454
297.0654677754221
296.09863074209215
295.13565718954794
294.1765316793199
293.22123883463087
292.26976334014824
291.32208994174255
290.378203446236
289.4380887211661
288.5017306945376
287.5691143545835
286.64022474952355
285.7150469873263
284.79356623546596
283.87576772069065
282.96163672877964
282.05115860431295
281.1443187504314
280.24110262860574
279.3414957584033
278.445483717254
277.5530521402212
276.6641867197699
275.7788732055385
274.8970974041106
274.0188451787851
273.14410244935186
272.2728551918654
271.40508943841985
270.5407912769251
269.67994685088445
268.8225423591696
267.968564055804
267.1179982497377
266.2708313046332
265.4270496386407
264.5866397241865
263.7495880877504
262.9158813096526
262.085506023841
261.2584489176706
260.4346967316973
259.61423625945855
258.7970543472672
257.98313789399634
257.1724738508733
256.3650492212666
255.56085106047902
254.75986647554276
253.96208262500758
253.1674867187386
252.3760660177118
251.58780783380635
250.80269952960396
250.02072851818525
249.24188226292716
248.4661482773057
247.6935141246908
246.92396741815003
246.15749582024822
245.39408704285154
244.63372884692953
243.8764090423586
243.12211548772663
242.3708360901392
241.62255880502394
240.87727163594002
240.1349626343837
239.39561989959827
238.6592315783808
237.9257858648955
237.19527100048057
236.46767527346418
235.74298701897268
235.02119461874622
234.30228650095032
233.58625113999423
232.8730770563403
232.16275281632392
231.45526703197146
230.75060836081312
230.04876550570458
229.34972721464513
228.65348228059653
227.9600195413043
227.26932787911898
226.58139622081515
225.89621353741816
225.21376884402386
224.53405119962474
223.85704970693186
223.18275351220333
222.51115180507034
221.842233818358
221.17598882792126
220.51240615246624
219.85147515338238
219.19318523457056
218.53752584227416
217.88448646490983
217.23405663289722
216.5862259184934
215.9409839356244
215.2983203397185
214.65822482754226
214.0206871370331
213.38569704713464
212.75324437763476
212.12331898900348
211.49591078222488
210.8710096986402
210.24860571978547
209.62868886723066
209.01124920241855
208.39627682650666
207.783761880209
207.17369454363703
206.56606503614225
205.96086361615897
205.3580805810494
204.75770626694933
204.1597310486079
203.56414533923925
202.9709395903648
202.38010429166258
201.79162997081426
201.20550719335202
200.6217265625084
200.04027871906553
199.46115434120583
198.88434414435986
198.30983888106027
197.73762934079315
197.1677063498488
196.60006077117626
196.03468350423557
195.47156548485415
194.91069768507717
194.352071113029
193.79567681276282
193.2415058641202
192.68954938258858
192.13979851915647
191.59224446017527
191.04687842721367
190.50369167691923
189.9626755008797
189.4238212254793
188.88712021176343
188.35256385529814
187.82014358603382
187.2898508681653
186.76167719999722
186.23561411380774
185.71165317570973
185.18978598552087
184.67000417662405
184.1522994158355
183.636663403271
183.12308787221315
182.6115645889773
182.10208535278085
181.59464199561273
181.08922638209953
180.58583040937793
180.08444600696362
179.58506513662059
179.08767979223623
178.59228199968732
178.09886381671794
177.6074173328076
177.11793466904666
176.63040797801023
176.14482944363124
175.66119128107547
175.17948573661786
174.69970508751555
174.22184164188738
173.74588773858787
173.27183574708576
172.7996780673418
172.32940712968593
171.86101539469718
171.39449535308094
170.92983952555122
170.46704046270833
170.00609074491996
169.5469829822049
169.08970981410872
168.63426390959276
168.18063796691115
167.72882471349646
167.27881690584218
166.83060732938765
166.38418879840145
165.93955415586402
165.49669627335814
165.05560805095104
164.61628241708075
164.1787123284434
163.74289076988018
163.3088107542646
162.87646532239222
162.44584754286478
162.01695051198493
161.5897673536405
161.16429121919626
160.7405152873857
160.31843276419892
159.89803688277416
159.47932090329198
159.06227811286368
158.646901825426
158.23318538163295
157.8211221487489
157.4107055205436
157.0019289171848
156.59478578513304
156.18926959703654
155.7853738516282
155.38309207361846
154.98241781359357
154.5833446479114
154.18586617859933
153.7899760332515
153.39566786492344
153.00293535203687
152.6117721982714
152.22217213246816
151.83412890852836
151.4476363053111
151.06268812653644
150.67927820068368
150.29740038089523
149.9170485448749
149.5382165947908
149.16089845717894
148.78508808284522
148.41077944676755
148.03796654799962
147.66664340957468
147.29680407841107
146.92844262521498
146.56155314438573
146.1961297539218
145.83216659532624
145.46965783351254
145.10859765671051
144.74898027637596
144.39079992709233
144.03405086648482
143.6787273751239
143.32482375643428
142.972334336605
142.62125346449722
142.27157551155415
141.92329487171145
141.5764059613056
141.23090321898522
140.88678110562333
140.54403410422626
140.20265671984714
139.86264347949566
139.52398893205253
139.1866876481811
138.8507342202403
138.51612326219774
138.1828494095432
137.85090731920383
137.5202916694576
137.19099715984757
136.86301851109818
136.53635046502893
136.21098778447148
135.88692525318606
135.5641576757752
135.24267987760427
134.92248670471463
134.60357302374373
134.28593372184253
133.9695637065913
133.65445790592102
133.34061126802996
133.0280187613039
132.71667537423494
132.40657611534056
132.09771601308464
131.79009011579797
131.48369349159634
131.17852122830504
130.87456843337807
130.57183023381916
130.27030177610595
129.9699782261101
129.67085476901974
129.37292660926397
129.0761889704345
128.78063709521004
128.48626624527867
128.1930717012638
127.90104876264702
127.61019274769279
127.32049899337431
127.03196285529765
126.74457970762926
126.45834494301855
126.17325397252738
125.88930222555442
125.60648514976256
125.32479821100507
125.04423689325507
124.76479669853073
124.4864731468244
124.20926177603124
123.93315814187547
123.6581578178421
123.38425639510322
123.11144948244927
122.83973270621877
122.56910171022581
122.29955215569272
122.03107972117992
121.7636801025151
121.49734901272672
121.23208218197311
120.96787535747546
120.7047243034479
120.44262480103266
120.18157264822912
119.92156365982807
119.66259366734495
119.40465851895111
119.1477540794108
118.89187623001108
118.63702086849669
118.38318390900741
118.13036128200845
117.8785489342269
117.62774282858685
117.37793894414489
117.1291332760256
116.88132183535599
116.63450064920318
116.38866576050994
116.14381322803246
115.89993912627433
115.65703954542676
115.41511059130458
115.17414838528273
114.9341490642362
114.69510878047672
114.45702370169153
114.21989001088059
113.98370390629833
113.74846160138998
113.51415932473202
113.2807933199715
113.04835984576566
112.81685517572329
112.58627559834258
112.35661741695304
112.12787694965613
111.90005052926666
111.67313450325284
111.44712523367882
111.22201909714667
110.99781248473548
110.77450180194761
110.55208346864838
110.33055391900862
110.10990960144959
109.89014697858329
109.67126252715806
109.45325273800114
109.23611411596129
109.0198431798552
108.8044364624097
108.58989051020723
108.37620188362975
108.16336715680416
107.95138291754687
107.74024576730928
107.52995232112444
107.32049920755027
107.11188306861808
106.90410055977719
106.69714834984154
106.49102312093677
106.28572156844685
106.08124040096052
105.87757634021935
105.67472612106512
105.47268649138678
105.27145421206825
105.07102605693795
104.87139881271588
104.67256927896153
104.47453426802399
104.2772906049902
104.08083512763388
103.88516468636507
103.69027614417988
103.49616637660885
103.30283227166942
103.11027072981287
102.91847866387751
102.72745299903792
102.53719067275497
102.34768863472793
102.15894384684499
101.97095328313422
101.78371392971614
101.59722278475434
101.41147685840744
101.2264731727825
101.0422087618853
100.85868067157382
100.67588595951132
100.49382169511837
100.31248495952599
100.1318728455287
99.9519824575392
99.77281091154026
99.59435533503904
99.41661286702167
99.23958065790619
99.06325586949853
98.88763567494517
98.71271725868897
98.53849781642458
98.36497455505139
98.19214469263052
98.02000545834012
97.84855409243006
97.67778784617785
97.50770398184567
97.33829977263525
97.16957250264504
97.0015194668256
96.83413797093722
96.66742533150686
96.50137887578342
96.33599594169716
96.17127387781503
96.0072100433004
95.84380180786877
95.68104655174574
95.51894166562619
95.35748455063185
95.19667261826864
95.03650329038737
94.87697399914039
94.71808218694119
94.55982530642326
94.4022008204002
94.24520620182284
94.08883893374174
93.93309650926382
93.77797643151392
93.62347621359484
93.46959337854669
93.31632545930728
93.16366999867302
93.01162454925944
92.86018667346187
92.70935394341585
92.55912394095921
92.40949425759241
92.26046249444022
92.11202626221385
91.96418318117118
91.81693088108042
91.67026700118083
91.5241891901457
91.37869510604307
91.23378241630039
91.08944879766638
90.94569193617204
90.80250952709652
90.65989927492727
90.51785889332592
90.37638610508925
90.23547864211454
90.09513424536198
89.95535066481871
89.81612565946331
89.67745699722927
89.53934245496961
89.40177981842052
89.26476688216741
89.12830144960746
88.99238133291612
88.85700435301095
88.72216833951735
88.58787113073384
88.45411057359667
88.32088452364594
88.1881908449905
88.05602741027514
87.92439210064484
87.79328280571198
87.66269742352164
87.53263386051813
87.40309003151282
87.27406385964811
87.1455532763658
87.0175562213749
86.89007064261547
86.76309449622869
86.6366257465231
86.51066236594139
86.38520233502827
86.2602436423986
86.13578428470476
86.01182226660421
85.88835560072825
85.76538230764879
85.64290041584869
85.52090796168814
85.39940298937447
85.27838355093009
85.15784770616199
85.03779352262936
84.91821907561422
84.79912244808918
84.68050173068791
84.56235502167345
84.44468042690812
84.32747605982324
84.21074004138961
84.09447050008515
83.97866557186815
83.86332340014397
83.74844213573826
83.63401993686497
83.52005496909857
83.40654540534334
83.29348942580484
83.18088521796045
83.06873097653066
82.95702490344948
82.8457652078364
82.73495010596712
82.62457782124478
82.51464658417216
82.40515463232306
82.29610021031357
82.18748156977433
82.07929696932271
81.97154467453458
81.86422295791617
81.75733009887759
81.6508643837035
81.54482410552764
81.43920756430308
81.33401306677719
81.22923892646358
81.12488346361476
81.02094500519549
80.91742188485587
80.81431244290519
80.7116150262846
80.60932798854076
80.50744968979967
80.40597849674027
80.30491278256842
80.2042509269907
80.10399131618773
80.00413234278933
79.90467240584879
79.80560991081636
79.70694326951393
79.60867090011006
79.51079122709443
79.41330268125218
79.31620369963919
79.2194927255567
79.12316820852672
79.02722860426668
78.9316723746652
78.83649798775714
78.74170391769903
78.64728864474517
78.55325065522194
78.459588441505
78.36630050199383
78.27338534108917
78.18084146916728
78.08866740255795
77.99686166351832
77.90542278021216
77.8143492866835
77.72363972283505
77.63329263440403
77.54330657293819
77.45368009577405
77.36441176601237
77.27550015249676
77.18694382978853
77.09874137814587
77.01089138350011
76.92339243743278
76.83624313715399
76.74944208547917
76.662987890807
76.57687916709651
76.4911145338462
76.40569261606997
76.32061204427737
76.23587145444976
76.1514694880189
76.06740479184609
75.98367601819909
75.90028182473155
75.81722087446106
75.73449183574817
75.65209338227363
75.57002419301931
75.48828295224534
75.40686834946926
75.32577907944592
75.24501384214572
75.16457134273382
75.08445029154957
75.00464940408575
74.92516740096829
74.84600300793524
74.76715495581671
74.68862198051438
74.61040282298133
74.53249622920202
74.45490095017126
74.37761574187562
74.30063936527229
74.22397058626967
74.14760817570829
74.07155090933928
73.99579756780682
73.920346936627
73.84519780616942
73.77034897163728
73.69579923304782
73.6215473952136
73.54759226772377
73.47393266492318
73.40056740589543
73.3274953144427
73.25471521906724
73.18222595295332
73.11002635394631
73.03811526453727
72.9664915318414
72.89515400758143
72.82410154806844
72.7533330141837
72.68284727136012
72.6126431895649
72.54271964328072
72.47307551148741
72.40370967764454
72.33462102967401
72.26580845994049
72.19727086523584
72.12900714675963
72.06101621010215
71.99329696522787
71.92584832645602
71.8586692124446
71.79175854617284
71.72511525492354
71.6587382702661
71.59262652803949
71.5267789683348
71.46119453547846
71.39587217801592
71.33081084869383
71.26600950444366
71.20146710636526
71.1371826197093
71.0731550138622
71.00938326232799
70.94586634271296
70.88260323670869
70.81959293007634
70.75683441262895
70.69432667821735
70.63206872471244
70.57005955398967
70.50829817191332
70.44678358831962
70.38551481700189
70.32449087569434
70.26371078605645
70.20317357365663
70.14287826795743
70.08282390229996
70.02300951388759
69.96343414377127
69.90409683683407
69.84499664177554
69.78613261109605
69.72750380108334
69.66910927179548
69.61094808704658
69.55301931439186
69.49532202511301
69.4378552942018
69.38061820034741
69.32360982592003
69.26682925695681
69.21027558314728
69.15394789781828
69.09784529791985
69.0419668840104
68.98631176024331
68.93087903435055
68.87566781763053
68.82067722493248
68.76590637464292
68.71135438867104
68.65702039243511
68.60290351484814
68.54900288830405
68.49531764866354
68.44184693524068
68.38858989078858
68.33554566148636
68.28271339692417
68.23009225009133
68.17768137736108
68.12547993847843
68.07348709654549
68.02170201800897
67.97012387264631
67.91875183355242
67.86758507712682
67.81662278305981
67.76586413431993
67.71530831714048
67.66495452100649
67.6148019386418
67.56484976599619
67.51509720223248
67.46554344971372
67.41618771398991
67.367029203786
67.31806713098894
67.26930071063452
67.22072916089603
67.1723517030703
67.12416756156591
67.07617596389129
67.02837614064072
66.98076732548394
66.93334875515241
66.88611966942798
66.83907931113026
66.79222692610401
66.74556176320846
66.69908307430391
66.6527901142402
66.60668214084504
66.56075841491148
66.51501820018667
66.46946076335992
66.42408537405086
66.37889130479742
66.33387783104476
66.28904423113318
66.24438978628666
66.19991378060193
66.15561550103587
66.11149423739492
66.06754928232345
66.0237799312925
65.98018548258835
65.93676523730115
65.89351849931403
65.85044457529209
65.8075427746704
65.76481240964412
65.72225279515636
65.67986324888813
65.63764309124679
65.59559164535544
65.55370823704173
65.51199219482778
65.47044284991848
65.42905953619146
65.38784159018599
65.34678835109295
65.30589916074328
65.26517336359807
65.22461030673847
65.18420933985394
65.14396981523316
65.10389108775263
65.06397251486719
65.02421345659894
64.98461327552762
64.94517133677991
64.9058870080193
64.86675965943657
64.82778866373864
64.78897339613954
64.75031323434983
64.71180755856659
64.6734557514639
64.6352571981821
64.59721128631946
64.55931740592052
64.5215749494678
64.4839833118709
64.44654189045782
64.40925008496477
64.37210729752641
64.3351129326668
64.29826639728911
64.26156710066681
64.22501445443362
64.18860787257503
64.15234677141743
64.11623056962003
64.08025868816493
64.0444305503483
64.00874558177017
63.97320321032661
63.93780286619936
63.90254398184723
63.86742599199693
63.83244833363411
63.79761044599414
63.76291177055318
63.728351751019254
63.69392983332338
63.65964546561063
63.625498098231404
63.59148718373206
63.55761217684703
63.523872534489655
63.49026771574301
63.45679718185218
63.423460396214715
63.39025682437257
63.35718593400368
63.324247194912616
63.291440079022905
63.25876406036834
63.22621861508424
63.19380322139951
63.16151735962799
63.129360512160076
63.09733216345461
63.06543180003067
63.033658910458996
63.00201298535407
62.97049351736583
62.93910000117161
62.90783193346828
62.87668881296336
62.845670140367986
62.81477541838834
62.78400415171768
62.753355847028615
62.72283001296513
62.69242616013453
