0.17868327438545584 -1.494183754854106
0.18797216405001355 -1.2875308175615128
0.1972424759352422 -1.0812911861435048
0.20649424719670037 -0.8754640339883331
0.2157275149156356 -0.6700485361374713
0.22494231609913298 -0.46504386928231156
0.23413868768026339 -0.2604492117608621
0.2433166665182315 -0.05626374355445529
0.2524762893985237 0.14751335371553864
0.2616175930330553 0.3508828967909925
0.27074061406031785 0.5538457007802955
0.27984538904552586 0.7564025791616196
0.2889319544807635 0.9585543437861812
0.2980003467851306 1.1603018048814935
0.307050602304889 1.3616457710546155
0.31608275731360785 1.5625870492953915
0.32509684801230926 1.7631264449796853
0.3340929105296133 1.9632647618726113
0.3430709809218827 2.163002802131751
0.35203109517336756 2.362341366310372
0.3609732891963495 2.561281253360636
0.3698975988312854 2.7598232606368005
0.3788040598469515 2.957968183898412
0.3876927079405862 3.1557168173135
0.3965635787380337 3.3530699534617576
0.40541670779388633 3.550028383337719
0.41425213059162713 3.7465928963539286
0.42306988254377254 3.9427642803441048
0.4318699989920136 4.138543321566302
0.4406525152073582 4.333930804706053
0.44941746639027214 4.528927512879526
0.45816488767082025 4.723534227636652
0.4668948141088073 4.917751728964264
0.47560728069391833 5.11158079528922
0.4843023223458592 5.305022203481526
0.4929799739144961 5.4980767288574475
0.5016402701799958 5.6907451451826185
0.5102832458529645 5.883028224675138
0.5189089355745872 6.074926738008674
0.5275173739167666 6.266441454315541
0.5361085953822617 6.457573141189796
0.5446826344048259 6.6483225646903
0.5532395253493448 6.838690489343806
0.5617793025119747 7.0286776781480045
0.5703020001202794 7.2182848925745935
0.5788076523333675 7.4075128925723295
0.5872962932420295 7.596362436570069
0.5957679568688741 7.7848342814798155
0.6042226771684649 7.97292918269974
0.6126604880274567 8.160647894117226
0.6210814232647304 8.347991168111875
0.6294855166315296 8.534959755558535
0.6378728018115951 8.721554405830304
0.6462433124213006 8.90777586680153
0.6545970820097866 9.093624884850811
0.6629341440590957 9.279102204863992
0.6712545319843061 9.464208570237151
0.6795582791336662 9.648944722879563
0.6878454187887276 9.833311403216687
0.6961159841644788 10.017309350193138
0.7043700084094785 10.200939301275637
0.7126075246059882 10.384201992455974
0.7208285657701049 10.567098158253945
0.7290331648518933 10.749628531720322
0.7372213547355181 10.931793844439765
0.7453931682393757 11.113594826533772
0.7535486381162256 11.29503220666359
0.7616877970533218 11.476106712033147
0.7698106776725437 11.656819068391963
0.7779173125305274 11.837170000038064
0.7860077341187949 12.017160229820874
0.794081974863886 12.196790479144116
0.8021400671274869 12.376061467968713
0.8101820432065606 12.554973914815658
0.8182079353334762 12.733528536768913
0.826217775676138 12.91172604947826
0.8342115963381144 13.089567167162187
0.8421894293587667 13.267052602610748
0.8501513067133778 13.444183067188412
0.8580972603132797 13.620959270836918
0.8660273220059819 13.797381922078129
0.8739415235752985 13.973451728016858
0.8818398967414766 14.14916939434371
0.8897224731613224 14.324535625337907
0.8975892844283284 14.499551123870114
0.9054403620728003 14.674216591405258
0.9132757375619833 14.848532728005335
0.9210954423001879 15.022500232332208
0.9288995076289162 15.19611980165043
0.9366879648269869 15.369392131830013
0.9444608451106616 15.542317917349235
0.9522181796337689 15.714897851297424
0.95995999948783 15.887132625377713
0.967686335702183 16.05902292990984
0.9753972192441072 16.230569453832906
0.9830926810189476 16.401772884708123
0.9907727518702384 16.572633908721592
0.9984374625798266 16.74315321068704
1.0060868438679955 16.913331474048547
1.0137209263935882 17.083169380883334
1.0213397407541298 17.252667611904457
1.0289433174859501 17.42182684646353
1.0365316870643069 17.590647762553495
1.0441048799035069 17.75913103681127
1.0516629263570285 17.927277344520533
1.0592058567176432 18.095087359614375
1.0667337012175364 18.262561754678032
1.07424649002843 18.429701200951556
1.0817442532617019 18.596506368332538
1.089227020968507 18.76297792537876
1.0966948231398987 18.929116539310886
1.1041476897069478 19.094922876015154
1.1115856505408626 19.260397600046005
1.1190087354531095 19.4255413746288
1.1264169741955319 19.590354861662426
1.1338103964604695 19.75483872172199
1.141189031880877 19.918993614061428
1.1485529100304441 20.08282019661619
1.1559020604237118 20.246319126005844
1.163236512516193 20.409491057536716
1.1705562957044893 20.572336645204523
1.1778614393264089 20.734856541697
1.1851519726610849 20.89705139839649
1.1924279249290912 21.05892186538258
1.1996893252925618 21.220468591434702
1.2069362028553052 21.38169222403472
1.2141685866629233 21.54259340936953
1.221386505702926 21.70317279233368
1.2285899889048488 21.8634310165319
1.2357790651403677 22.023368724281724
1.2429537632234158 22.182986556616044
1.2501141119102974 22.342285153285697
1.2572601398998056 22.50126515276201
1.2643918758333346 22.659927192239373
1.2715093482949966 22.818271907637772
1.2786125858117352 22.976299933605382
1.2857016168534403 23.134011903521063
1.2927764698330622 23.291408449496906
1.2998371731067246 23.448490202380796
1.30688375497384 23.605257791758916
1.313916243677221 23.76171184595829
1.3209346674031952 23.917852992049255
1.3279390542817173 24.073681855848037
1.3349294323864827 24.229199061919225
1.3419058297350384 24.384405233578278
1.3488682742888969 24.539300992894002
1.3558167939536478 24.6938869606911
1.362751416579069 24.8481637565526
1.3696721699592396 25.002131998822378
1.37657908183265 25.155792304607616
1.383472179882313 25.30914528978129
1.3903514917358772 25.462191568984615
1.3972170449657342 25.614931755629534
1.4040688670891315 25.76736646190116
1.4109069855682816 25.919496298760244
1.4177314278104738 26.071321875945607
1.4245422211681815 26.222843801976595
1.4313393929391738 26.374062684155525
1.4381229703666238 26.524979128570102
1.4448929806392192 26.675593740095852
1.4516494508912694 26.825907122398547
1.4583924082028155 26.97591987793664
1.4651218795997385 27.125632607963652
1.4718378920538675 27.275045912530608
1.4785404724830884 27.42416039048844
1.485229647751451 27.57297663949035
1.4919054446692768 27.721495255994252
1.4985678899932668 27.86971683526515
1.5052170104266092 28.0176419713775
1.5118528326190845 28.165271257217633
1.5184753831671751 28.312605284486082
1.5250846886141693 28.459644643699992
1.5316807754502695 28.606389924195476
1.5382636701126975 28.75284171412997
1.5448333989858007 28.899000600484598
1.551389988401158 29.044867169066514
1.5579334646376841 29.19044200451126
1.5644638539217375 29.335725690285123
1.5709811824272226 29.480718808687442
1.577485476275697 29.625421940852952
1.5839767615364744 29.769835666754133
1.59045506422673 29.913960565203503
1.5969204103116053 30.057797213855984
1.6033728257043107 30.201346189211158
1.6098123362662309 30.34460806661562
1.6162389678070268 30.487583420265274
1.6226527460847413 30.63027282320763
1.6290536968059006 30.772676847344094
1.6354418456256175 30.91479606343229
1.641817218147695 31.05663104108831
1.6481798399247283 31.198182348789018
1.6545297364582072 31.339450553874325
1.6608669331986194 31.48043622254946
1.6671914555455507 31.621139919887252
1.6735033288477883 31.761562209830362
1.6798025784034212 31.901703655193586
1.686089229459943 32.041564817666085
1.6923633072143518 32.18114625781364
1.6986248368132515 32.3204485350809
1.7048738433529538 32.459472207793624
1.7111103518795767 32.598217833160916
1.7173343873891462 32.736685967277474
1.7235459748276967 32.87487716512581
1.7297451390913698 33.01279198057844
1.7359319050265156 33.15043096640017
1.7421062974297912 33.28779467425025
1.7482683410482602 33.424883654684635
1.7544180605794921 33.56169845715816
1.7605554806716617 33.69823963002672
1.766680625923647 33.83450772054956
1.7727935208851282 33.97050327489134
1.7788941900566866 34.10622683812444
1.784982657889902 34.24167895423108
1.7910589487874509 34.3768601661055
1.7971230871032045 34.51177101555618
1.8031750971423266 34.64641204330795
1.8092150031613705 34.78078378900422
1.8152428293683764 34.91488679120909
1.8212585999229682 35.04872158740956
1.8272623389364508 35.18228871401763
1.8332540704719065 35.31558870637248
1.8392338185442916 35.44862209874262
1.8452016071205315 35.58138942432802
1.851157460119619 35.71389121526225
1.8571014014127083 35.84612800261461
1.8630334548232117 35.978100316392265
1.868953644126894 36.10980868554237
1.8748619930519688 36.241253637954166
1.8807585252791934 36.37243570046114
1.886643264441964 36.5033553988431
1.8925162341264083 36.6340132578283
1.8983774578714843 36.764409801095525
1.9042269591690701 36.894545551276224
1.9100647614640605 37.02442102995656
1.915890888154461 37.154036757679535
1.9217053625914806 37.283393253947054
1.9275082080796262 37.41249103722204
1.9332994478767958 37.54133062493048
1.9390791051943708 37.6699125334635
1.9448472031973107 37.79823727817947
1.9506037650042447 37.926305373405995
1.9563488136875649 38.05411733244206
1.9620823722735183 38.18167366756006
1.9678044637423002 38.308974890007825
1.9735151110281441 38.43602151001069
1.9792143370194166 38.56281403677355
1.9849021645587064 38.68935297848289
1.9905786164429176 38.815638842308815
1.9962437154233603 38.941672134407085
2.001897484205842 39.06745335992116
2.0075399454507594 39.1929830229842
2.0131711217731865 39.318261626721124
2.018791035742969 39.44328967325056
2.0243997098848117 39.568067663686946
2.0299971666783705 39.69259609814246
2.0355834285583425 39.81687547572906
2.0411585179145546 39.940906294560484
2.046722457092054 40.06468905175425
2.0522752683911984 40.18822424343362
2.0578169740677446 40.31151236472965
2.063347596332938 40.43455390978307
2.0688671573536004 40.5573493717464
2.074375679252222 40.67989924278578
2.079873184107046 40.8022040140831
2.0853596939521606 40.92426417583782
2.090835230777585 41.046080217269036
2.0962998165293585 41.167652626617375
2.1017534731096283 41.28898189114702
2.1071962223767375 41.41006849714762
2.112628086145313 41.53091292993621
2.118049086186351 41.65151567385922
2.123459244227307 41.771877212294385
2.128858581952181 41.89199802765268
2.134247121001605 42.01187860138026
2.1396248829729307 42.131519413960376
2.1449918894203135 42.25092094491534
2.1503481618548013 42.3700836728084
2.15569372174442 42.489008075245664
2.16102859051426 42.60769462887805
2.1663527895465604 42.72614380940318
2.171666340180796 42.84435609156726
2.176969263713763 42.962331949167016
2.182261581399664 43.08007185505157
2.1875433144501932 43.197576281124356
2.1928144840346215 43.31484569834499
2.198075111279881 43.43188057673119
2.20332521727065 43.5486813853606
2.208564823049437 43.66524859237277
2.213793949616667 43.7815826649709
2.2190126179307623 43.89768406942384
2.22422084890823 44.01355327106788
2.229418663423742 44.12919073430862
2.234606082310223 44.24459692262289
2.2397831263589314 44.35977229856053
2.244949816319542 44.474717323746304
2.2501061729002316 44.58943245888169
2.2552522167677598 44.703918163746806
2.260387968547553 44.8181748972022
2.2655134488237865 44.93220311719068
2.2706286781394676 45.04600328073918
2.2757336769965173 45.15957584396058
2.2808284658558526 45.27292126205554
2.2859130651374695 45.38603998931431
2.290987495220523 45.498932479118565
2.2960517764434107 45.61159918394321
2.3011059291038527 45.724040555358215
2.306149973458974 45.83625704403038
2.3111839297253844 45.94824909972522
2.3162078180792625 46.06001717130865
2.3212216586564325 46.17156170674892
2.326225471552448 46.282883153118306
2.331219276822672 46.393981956594956
2.336203094482355 46.50485856246464
2.341176944506719 46.6155134151226
2.3461408468310343 46.72594695807524
2.351094821350701 46.83615963394197
2.356038887921328 46.94615188445698
2.360973066358814 47.05592415047095
2.365897376439425 47.16547687195289
2.370811837899875 47.27481048799187
2.375716470437404 47.38392543679876
2.3806112937098574 47.492822155708055
2.3854963273357663 47.60150108117952
2.3903715908944236 47.709962648800044
2.3952371039259637 47.81820729328532
2.40009288593144 47.926235448481634
2.404938956372906 48.03404754736756
2.4097753346734887 48.141644022055715
2.4146020402174706 48.24902530379448
2.4194190923503642 48.35619182296977
2.424226510378992 48.46314400910671
2.429024313571563 48.569882290871384
2.433812521157748 48.67640709607252
2.4385911523287613 48.78271885166326
2.4433602262374325 48.88881798374282
2.4481197619982864 48.99470491755821
2.4528697786876186 49.10038007750599
2.457610295343572 49.20584388713386
2.4623413309662134 49.31109676914248
2.4670629045176096 49.41613914538709
2.471775034921903 49.5209714368792
2.476477741065388 49.62559406378832
2.481171041796586 49.73000744544363
2.4858549559263214 49.83421200033563
2.4905295022277976 49.938208146117844
2.4951946994366705 50.0419962996085
2.499850566251126 50.14557687679216
2.5044971213319522 50.248950292821455
2.509134383302617 50.35211696201869
2.5137623707493404 50.455077297877544
2.5183811022211704 50.55783171306467
2.5229905962300565 50.660380619421424
2.527590871250925 50.76272442796546
2.532181945721752 50.864863548892416
2.5367638380436373 50.96679839157751
2.5413365665808785 51.06852936457724
2.5459001496610454 51.17005687563097
2.5504546055750517 51.271381331662596
2.55499995257723 51.37250313878215
2.5595362088854046 51.473422702287465
2.5640633926809624 51.57414042666579
2.568581522108929 51.67465671559533
2.5730906152780397 51.774971971947025
2.5775906902608123 51.87508659778602
2.582081765093619 51.97500099437334
2.5865638577767607 52.07471556216747
2.5910369862745357 52.174230700826016
2.5955011685153155 52.273546809207254
2.5999564223916134 52.37266428537173
2.6044027657601587 52.47158352658386
2.6088402164419673 52.57030492931358
2.613268792222412 52.66882888923783
2.6176885108512957 52.76715580124223
2.6220993900429215 52.86528605942264
2.6265014474761648 52.96322005708668
2.6308947007945407 53.060958186755386
2.6352791676062806 53.15850084016476
2.6396548654843963 53.255848408267326
2.6440218119667565 53.353001281233674
2.6483800245561517 53.449959848454085
2.652729520720368 53.54672449854007
2.6570703178922557 53.643295619325876
2.6614024334698 53.73967359787011
2.665725884816189 53.83585882045725
2.6700406892598854 53.931851672599215
2.6743468640946944 54.02765253903689
2.6786444265798335 54.1232618037417
2.6829333939400026 54.21867984991711
2.687213783365451 54.31390706000016
2.6914856120120487 54.408943815663044
2.6957488970013532 54.503790497814606
2.700003655420679 54.59844748660185
2.704249904323167 54.692915161411534
2.708487660727849 54.7871939008716
2.712716941619722 54.88128408285274
2.716937763949811 54.975186084469925
2.72115014463524 55.06890028208386
2.725354100559298 55.16242705130258
2.729549648571508 55.255766766982866
2.733736805487694 55.34891980323177
2.737915588090047 55.441886533408194
2.742086013127196 55.53466733012426
2.7462480973142696 55.627262565246895
2.7504018573329696 55.71967260989929
2.7545473098316324 55.811897834462386
2.7586844714252976 55.90393860857634
2.7628133586957757 55.99579530114208
2.7669339881917128 56.08746828032268
2.771046376428658 56.17895791354492
2.7751505398891294 56.27026456750072
2.7792464950226794 56.361388608148616
2.783334258245963 56.4523304007152
2.7874138459427997 56.54309030969664
2.791485274464243 56.633668698860134
2.7955485601286427 56.72406593124529
2.7996037192217145 56.81428236916569
2.8036507679965994 56.904318374210234
2.807689722673935 56.994174307244705
2.811720599441916 57.083850528413095
2.815743414456361 57.17334739713915
2.8197581838407766 57.26266527212776
2.823764923686424 57.351804511366396
2.82776365005238 57.44076547212654
2.8317543789656034 57.52954851096518
2.8357371264210007 57.61815398372613
2.8397119083814877 57.70658224554156
2.8436787407780533 57.794833650833354
2.847637639509826 57.88290855331457
2.851588620444135 57.970807305990824
2.8555316994165754 58.05853026116172
2.8594668922310706 58.14607777042229
2.863394214659937 58.23345018466432
2.867313682443946 58.32064785407789
2.8712253112923865 58.407671128152614
2.87512911688313 58.4945203556792
2.8790251148626926 58.58119588475073
2.882913320846296 58.6676980627641
2.886793750417932 58.75402723642145
2.890666419130425 58.840183751731495
2.8945313425054926 58.92616795401092
2.8983885360338104 59.01198018788579
2.902238015175072 59.097620797292905
2.90607979535805 59.183090125481215
2.909913891980663 59.26838851501313
2.9137403204100303 59.35351630776599
2.917559095982539 59.43847384493335
2.921370234003903 59.52326146702637
2.9251737497492236 59.607879513875204
2.928969658463054 59.69232832463034
2.9327579753594564 59.776608237763966
2.9365387156220657 59.860719591071316
2.9403118944041506 59.944662721672074
2.944077526828671 60.0284379660116
2.947835627988342 60.11204565986246
2.9515862129456947 60.19548613832562
2.9553292967331317 60.27875973583186
2.959064894352994 60.36186678614308
2.962793020777617 60.44480762235368
2.96651369094939 60.52758257689185
2.97022691978082 60.610191981520956
2.973932722154587 60.692636167340794
2.977631112923606 60.774915464789004
2.9813221069110876 60.85703020364231
2.9850057189105943 60.93898071301791
2.9886819636861013 61.02076732137476
2.9923508559720577 61.1023903565149
2.9960124104734422 61.183850145584756
2.9996666418658244 61.265147015076465
3.003313564795421 61.346281290829204
3.006953193879159 61.427253298030436
3.010585543704729 61.50806336121727
3.0142106288306483 61.58871180427771
3.0178284637863158 61.66919895045204
3.0214390630720716 61.74952512233403
3.025042441159256 61.82969064187223
3.028638612490266 61.909695830371376
3.032227591478614 61.98954100849352
3.0358093925089853 62.06922649625942
3.039384029937296 62.148752613049794
3.0429515180907494 62.228119677606585
3.0465118712678967 62.30732800803426
3.0500651037386897 62.38637792180107
3.0536112297445412 62.46526973574035
3.057150263498381 62.544003766051745
3.0606822191847125 62.62258032830253
3.064207110959672 62.700999737428816
3.0677249529510813 62.779262307736836
3.0712357592585073 62.857368352904246
3.074739543953319 62.93531818598133
3.078236321078741 63.013112119392254
3.0817261046499116 63.09075046493636
3.0852089086539407 63.168233533789376
3.088684747049961 63.24556163650469
3.09215363376919 63.322735083014564
3.0956155827149803 63.39975418263142
3.099070607762879 63.47661924404905
3.102518722760682 63.553330575343836
3.1059599415284893 63.62988848397603
3.1093942778587613 63.70629327679096
3.1128217455163725 63.78254526002026
3.1162423582386687 63.85864473928311
3.11965612973552 63.93459201958742
3.123063073689378 64.01038740533113
3.126463203755328 64.08603120030335
3.129856533561146 64.16152370768562
3.1332430767073527 64.23686523005313
3.1366228467672665 64.3120560693759
3.1399958572870608 64.38709652702003
3.1433621217858154 64.46198690374888
3.1467216537555722 64.53672749972426
3.1500744666613896 64.61131861450771
3.1534205739413954 64.68576054706158
3.1567599890068414 64.76005359575034
3.1600927252421562 64.83419805834171
3.1634187960050006 64.90819423200792
3.16673821462632 64.9820424133268
3.170050994410396 65.05574289828303
3.173357148634904 65.12929598226934
3.176656690550963 65.20270196008768
3.1799496333831896 65.27596112595037
3.183235990329752 65.34907377348136
3.186515774562421 65.4220401957173
3.189788999226625 65.49486068510873
3.1930556774415004 65.56753553352141
3.1963158222999457 65.64006503223723
3.1995694468686744 65.71244947195564
3.2028165641882658 65.78468914279463
3.2060571872732178 65.85678433429192
3.209291329112 65.92873533540623
3.212519002667105 66.0005424345183
3.2157402208750994 66.07220591943215
3.2189549966466777 66.14372607737616
3.222163342866713 66.2151031950043
3.2253652723943076 66.28633755839718
3.228560798062848 66.35742945306328
3.2317499326800507 66.42837916394002
3.2349326890280197 66.49918697539502
3.2381090798632917 66.56985317122712
3.2412791179168936 66.64037803466755
3.2444428158943883 66.71076184838111
3.2476001864759283 66.78100489446723
3.250751242316305 66.85110745446117
3.2538959960450007 66.92106980933514
3.2570344602662393 66.99089223949935
3.2601666475590356 67.06057502480324
3.2632925704772457 67.13011844453652
3.26641224154962 67.19952277743033
3.2695256732798494 67.26878830165836
3.2726328781466187 67.33791529483793
3.275733868603654 67.40690403403113
3.2788286570797753 67.47575479574596
3.2819172559789447 67.54446785593734
3.2849996776803154 67.61304349000835
3.2880759345382833 67.68148197281123
3.2911460388825353 67.74978357864849
3.294210003018099 67.8179485812741
3.2972678392253916 67.88597725389442
3.3003195597602697 67.95386986916952
3.3033651768540775 68.02162669921407
3.3064047027136985 68.08924801559851
3.309438149521599 68.15673408935021
3.3124655294358845 68.22408519095438
3.315486854590341 68.29130159035537
3.3185021370944896 68.35838355695753
3.3215113890336294 68.42533135962651
3.324514622468891 68.49214526669013
3.3275118494372817 68.55882554593964
3.3305030819517363 68.62537246463066
3.3334883320011612 68.69178628948427
3.336467611550488 68.75806728668819
3.339440932540715 68.8242157218977
3.3424083068889625 68.89023186023678
3.3453697464885135 68.9561159662992
3.3483252632088645 69.02186830414948
3.3512748688957754 69.08748913732407
3.3542185753713127 69.1529787288323
3.3571563944338987 69.21833734115751
3.3600883378583597 69.28356523625808
3.3630144173959713 69.34866267556846
3.3659346447745078 69.4136299200002
3.3688490316982875 69.47846722994309
3.3717575898482193 69.5431748652661
3.3746603308818517 69.60775308531845
3.377557266433417 69.6722021489307
3.380448408113879 69.73652231441572
3.38333376751098 69.80071383956977
3.3862133561892866 69.86477698167351
3.3890871856902365 69.92871199749305
3.3919552675321847 69.99251914328096
3.394817613210449 70.05619867477729
3.397674234197357 70.11975084721063
3.4005251419422913 70.18317591529909
3.4033703478717348 70.24647413325138
3.40620986338932 70.30964575476776
3.4090436998758706 70.37269103304112
3.411871868689447 70.43561022075792
3.414694381165397 70.4984035700993
3.4175112486163948 70.56107133274199
3.4203224823324905 70.6236137598594
3.4231280935811537 70.68603110212256
3.4259280936073204 70.74832360970119
3.428722493633434 70.81049153226468
3.4315113048594963 70.87253511898302
3.434294538463106 70.93445461852795
3.4370722055995087 70.99625027907378
3.439844317401638 71.05792234829852
3.4426108849801635 71.1194710733848
3.4453719194235317 71.18089670102091
3.4481274317980137 71.24219947740175
3.4508774331477463 71.30337964822982
3.45362193449478 71.36443745871625
3.4563609468391188 71.4253731535817
3.4590944811587696 71.48618697705743
3.4618225484097804 71.54687917288621
3.4645451595262897 71.60744998432331
3.467262325420566 71.66789965413754
3.469974056983053 71.72822842461215
3.472680365082416 71.7884365375458
3.47538126056558 71.8485242342536
3.4780767542577773 71.90849175556798
3.4807668569625902 71.96833934183974
3.483451579461994 72.02806723293892
3.486130932516398 72.08767566825594
3.488804926864694 72.1471648867023
3.491473573224293 72.20653512671178
3.4941368822911727 72.26578662624124
3.4967948647399187 72.32491962277166
3.499447531223768 72.38393435330899
3.5020948923746493 72.44283105438525
3.5047369588032287 72.50160996205936
3.5073737410989505 72.56027131191811
3.5100052498300816 72.61881533907717
3.51263149554375 72.67724227818191
3.515252488765991 72.73555236340843
3.5178682400017873 72.7937458284645
3.5204787597351124 72.85182290659046
3.523084058428971 72.90978383056017
3.5256841465254416 72.96762883268192
3.528279034445719 73.02535814479945
3.5308687325901564 73.08297199829275
3.533453251338304 73.14047062407906
3.5360326010489564 73.19785425261378
3.5386067920601874 73.25512311389143
3.5411758346893953 73.31227743744653
3.5437397392333456 73.36931745235451
3.5462985159682074 73.42624338723269
3.5488521751496 73.48305547024111
3.551400727012629 73.5397539290835
3.5539441817719326 73.59633899100822
3.5564825496217174 73.65281088280909
3.5590158407358023 73.70916983082637
3.5615440652676598 73.76541606094762
3.564067233350453 73.8215497986086
3.5665853550970805 73.87757126879427
3.569098440600215 73.93348069603958
3.5716064999323436 73.98927830443037
3.5741095431458074 74.04496431760441
3.5766075802728445 74.10053895875208
3.5791006213256273 74.15600245061745
3.581588676296305 74.21135501549912
3.584071755157041 74.266596875251
3.586549867860056 74.32172825128339
3.5890230243376644 74.3767493645637
3.591491234502318 74.43166043561746
3.593954508246642 74.4864616845291
3.5964128554434778 74.54115333094293
3.5988662859459195 74.59573559406392
3.601314809587356 74.65020869265868
3.60375843618151 74.70457284505626
3.606197175522475 74.75882826914903
3.6086310373847588 74.81297518239361
3.611060031523318 74.86701380181171
3.6134841676736 74.92094434399098
3.615903455551581 74.9747670250859
3.6183179048538068 75.02848206081859
3.6207275252574282 75.08208966647985
3.6231323264202415 75.13559005692977
3.62553231798073 75.1889834465988
3.627927509558097 75.24227004948848
3.6303179107523094 75.29545007917238
3.6327035311441334 75.34852374879694
3.6350843802951736 75.40149127108222
3.637460467747912 75.45435285832295
3.639831803025745 75.50710872238918
3.6421983956330224 75.55975907472728
3.644560255055085 75.6123041263607
3.6469173907583037 75.66474408789087
3.649269812190116 75.71707916949798
3.651617528779064 75.76930958094187
3.653960549934835 75.82143553156286
3.656298885048294 75.87345723028263
3.658632543491526 75.92537488560494
3.6609615346178717 75.97718870561661
3.6632858677619646 76.02889889798827
3.6656055522397697 76.08050566997517
3.6679205973486186 76.1320092284181
3.67023101236725 76.18340977974415
3.6725368065558444 76.23470752996755
3.674837989156061 76.28590268469051
3.6771345693910775 76.33699544910401
3.679426556465624 76.38798602798869
3.6817139595660215 76.43887462571558
3.683996787860218 76.48966144624704
3.686275050497826 76.54034669313744
3.688548756610159 76.59093056953404
3.690817915310267 76.64141327817785
3.6930825356929753 76.6917950214044
3.695342626834918 76.74207600114447
3.6975981977945764 76.79225641892506
3.699849257612316 76.8423364758701
3.70209581531042 76.89231637270125
3.7043378798931283 76.94219630973873
3.7065754603466705 76.99197648690213
3.708808565639306 77.04165710371122
3.711037204721356 77.09123835928668
3.713261386525242 77.14072045235099
3.71548111996552 77.19010358122915
3.7176964139389184 77.23938794384958
3.719907277324369 77.28857373774477
3.722113718983049 77.33766116005216
3.7243157477584115 77.38665040751494
3.7265133724762234 77.43554167648279
3.7287066019445994 77.48433516291271
3.730895444954039 77.53303106236977
3.7330799102774592 77.58162957002793
3.7352600066702326 77.63013088067075
3.737435742870221 77.67853518869231
3.739607127597809 77.7268426880978
3.741774169555942 77.7750535725045
3.743936877430159 77.82316803514237
3.746095259888627 77.87118626885497
3.748249325582178 77.91910846610014
3.750399083144343 77.96693481895082
3.7525445411913827 78.01466551909581
3.7546857083223286 78.06230075784052
3.7568225931190127 78.10984072610772
3.7589552041461034 78.1572856144384
3.7610835499511395 78.2046356129924
3.763207639064566 78.25189091154931
3.7653274799997654 78.29905169950909
3.767443081253094 78.34611816589296
3.7695544513039168 78.39309049934405
3.771661598614638 78.43996888812828
3.773764531630737 78.4867535201349
3.775863258780804 78.53344458287751
3.7779577884765714 78.58004226349463
3.7800481291129473 78.62654674875053
3.78213428906805 78.67295822503593
3.7842162767032423 78.71927687836873
3.7862941003631643 78.76550289439487
3.788367768375767 78.81163645838897
3.790437289052344 78.85767775525508
3.792502670687568 78.90362696952745
3.7945639215595217 78.94948428537128
3.796621049929731 78.99524988658342
3.7986740640432 79.04092395659313
3.8007229721284426 79.08650667846283
3.8027677823975146 79.13199823488878
3.8048085030460483 79.1773988082019
3.8068451422532847 79.22270858036836
3.808877708182107 79.26792773299051
3.8109062089790715 79.31305644730742
3.8129306527744418 79.3580949041957
3.8149510476822215 79.4030432841702
3.8169674018001856 79.44790176738472
3.8189797232099143 79.49267053363283
3.8209880199768227 79.53734976234847
3.8229923001501978 79.58193963260666
3.824992571763226 79.62644032312431
3.8269888428330283 79.67085201226095
3.828981121360691 79.71517487801933
3.8309694153312983 79.75940909804618
3.8329537327139644 79.80355484963295
3.8349340814618653 79.84761230971657
3.83691046951227 79.89158165488001
3.838882904786574 79.93546306135315
3.8408513951903296 79.97925670501331
3.8428159486132776 80.02296276138617
3.8447765729293795 80.06658140564629
3.8467332759968493 80.11011281261787
3.8486860656581845 80.15355715677552
3.850634949740197 80.19691461224485
3.852579936054045 80.24018535280325
3.8545210323952652 80.28336955188053
3.8564582465438035 80.32646738255963
3.8583915862640445 80.3694790175774
3.8603210593048454 80.41240462932514
3.862246673399564 80.45524438984938
3.8641684362660933 80.49799847085256
3.86608635560689 80.54066704369374
3.8680004391090046 80.58325027938923
3.869910694444115 80.62574834861334
3.8718171292685555 80.66816142169901
3.873719751223347 80.7104896686385
3.8756185679342288 80.75273325908412
3.877513587011689 80.79489236234883
3.8794048160509944 80.83696714740702
3.8812922626322206 80.8789577828951
3.8831759343202847 80.92086443711219
3.8850558386649725 80.96268727802087
3.8869319832009714 81.00442647324769
3.8888043754478976 81.04608219008409
3.8906730229103306 81.08765459548681
3.8925379330778385 81.12914385607873
3.894399113425011 81.17055013814947
3.89625657141149 81.21187360765606
3.898110314481996 81.25311443022363
3.8999603500663604 81.29427277114607
3.9018066855795563 81.33534879538665
3.9036493284217264 81.37634266757875
3.9054882859782114 81.41725455202649
3.9073235656195835 81.45808461270532
3.9091551747016733 81.4988330132628
3.9109831205655983 81.53949991701916
3.9128074105377957 81.58008548696802
3.9146280519300487 81.62058988577695
3.916445052039517 81.66101327578829
3.9182584181487665 81.70135581901961
3.920068157525798 81.74161767716444
3.9218742774240747 81.78179901159302
3.9236767850825554 81.82189998335272
3.9254756877257186 81.8619207531689
3.927270992563596 81.90186148144545
3.9290627067917976 81.94172232826543
3.9308508375915423 81.98150345339178
3.932635392129688 82.02120501626788
3.9344163775587573 82.06082717601824
3.936193801016969 82.10037009144908
3.937967669628263 82.13983392104907
3.9397379905023353 82.17921882298985
3.9415047707346593 82.21852495512675
3.9432680174065187 82.25775247499939
3.9450277375850344 82.29690153983228
3.946783938323193 82.3359723065355
3.948536626659875 82.3749649317053
3.950285809619884 82.41387957162479
3.952031494213973 82.45271638226441
3.953773687438874 82.49147551928277
3.9555123962773244 82.5301571380271
3.9572476276980986 82.56876139353392
3.9589793886560307 82.60728844052974
3.960707686092047 82.64573843343157
3.9624325269331915 82.6841115263476
3.9641539180926535 82.7224078730778
3.9658718664697967 82.76062762711452
3.9675863789501857 82.79877094164317
3.969297462405614 82.83683796954278
3.9710051236941313 82.87482886338658
3.9727093696600715 82.91274377544269
3.97441020713408 82.9505828576747
3.9761076429331403 82.98834626174224
3.9778016838606027 83.02603413900164
3.9794923367062105 83.06364664050652
3.981179608246127 83.1011839170084
3.982863505242963 83.13864611895727
3.9845440344458054 83.17603339650225
3.9862212025902424 83.21334589949213
3.98789501639839 83.25058377747604
3.989565482578922 83.28774717970397
3.9912326078270928 83.32483625512745
3.9928963988247674 83.36185115240008
3.9945568622404464 83.39879201987816
3.996214004729294 83.43565900562129
3.997867832933164 83.47245225739293
3.9995183534806262 83.50917192266104
4.001165572986993 83.5458181485986
4.002809498054348 83.58239108208429
4.0044501352715685 83.618890869703
4.006087491214354 83.65531765774648
4.007721572445253 83.69167159221386
4.009352385513691 83.72795281881233
4.010979936955993 83.76416148295758
4.012604233295408 83.80029772977456
4.014225281042147 83.83636170409788
4.015843086693391 83.87235355047258
4.017457656733334 83.90827341315452
4.0190689976331955 83.94412143611109
4.0206771158512575 83.97989776302175
4.022282017832884 84.0156025372786
4.023883710010547 84.05123590198693
4.025482198803854 84.08679799996585
4.0270774906195745 84.12228897374881
4.028669591851664 84.15770896558419
4.03025850888129 84.1930581174359
4.0318442480768555 84.22833657098391
4.03342681579403 84.26354446762484
4.035006218375771 84.29868194847248
4.036582462152348 84.33374915435843
4.038155553441372 84.36874622583258
4.039725498547818 84.4036733031638
4.041292303764051 84.43853052634037
4.042855975369851 84.47331803507056
4.04441651963244 84.5080359687833
4.045973942806504 84.54268446662863
4.047528251134219 84.57726366747826
4.049079450845279 84.61177370992618
4.050627548156918 84.64621473228922
4.052172549273932 84.68058687260753
4.053714460388713 84.7148902686452
4.055253287681264 84.74912505789081
4.056789037319231 84.7832913775579
4.058321715457921 84.81738936458567
4.059851328240333 84.85141915563938
4.06137788179718 84.885380887111
4.062901382246915 84.91927469511965
4.064421835695749 84.9531007155123
4.065939248237687 84.98685908386416
4.06745362595454 85.02054993547932
4.06896497491596 85.05417340539125
4.070473301179456 85.08772962836335
4.071978610790426 85.1212187388895
4.073480909782174 85.1546408711946
4.074980204175938 85.1879961592351
4.076476499980916 85.22128473669952
4.077969803194282 85.254506737009
4.079460119801222 85.28766229331785
4.0809474557749486 85.32075153851412
4.082431817076728 85.35377460521997
4.083913209655903 85.38673162579241
4.08539163944992 85.41962273232372
4.086867112384349 85.45244805664196
4.088339634372909 85.48520773031156
4.089809211317491 85.51790188463382
4.091275849108185 85.55053065064745
4.092739553623297 85.58309415912905
4.09420033072938 85.61559254059367
4.095658186281249 85.64802592529534
4.097113126122015 85.68039444322766
4.0985651560831 85.71269822412408
4.100014281984262 85.74493739745873
4.101460509633623 85.77711209244669
4.102903844827684 85.80922243804469
4.104344293351357 85.84126856295148
4.105781860977983 85.87325059560847
4.107216553469355 85.90516866420013
4.108648376575745 85.93702289665461
4.110077336035923 85.9688134206442
4.11150343757718 86.0005403635858
4.112926686915354 86.03220385264152
4.114347089754852 86.06380401471911
4.115764651788671 86.09534097647256
4.117179378698422 86.12681486430249
4.118591276154354 86.15822580435677
4.120000349815374 86.18957392253095
4.121406605329072 86.22085934446878
4.1228100483317425 86.25208219556274
4.124210684448407 86.28324260095448
4.12560851929284 86.31434068553546
4.127003558467583 86.34537657394728
4.128395807563976 86.37635039058227
4.129785272162176 86.407262259584
4.131171957831181 86.4381123048477
4.132555870128847 86.46890065002088
4.133937014601917 86.49962741850374
4.1353153967860425 86.53029273344964
4.136691022205799 86.56089671776563
4.1380638963747165 86.59143949411299
4.139434024795295 86.62192118490765
4.140801412959034 86.65234191232071
4.142166066346444 86.68270179827897
4.14352799042708 86.7130009644653
4.144887190659555 86.74323953231925
4.146243672491564 86.77341762303752
4.14759744135991 86.8035353575743
4.148948502690518 86.83359285664207
4.150296861898466 86.86359024071167
4.151642524387998 86.89352763001312
4.15298549555255 86.92340514453598
4.154325780774774 86.95322290402979
4.155663385426553 86.9829810280046
4.1569983148690275 87.01267963573147
4.158330574452618 87.04231884624289
4.159660169517042 87.07189877833326
4.160987105391336 87.10141955055948
4.162311387393882 87.13088128124124
4.163633020832423 87.16028408846165
4.164952011004087 87.18962809006763
4.166268363195408 87.21891340367037
4.167582082682345 87.24814014664594
4.168893174730309 87.27730843613551
4.170201644594177 87.30641838904613
4.171507497518317 87.3354701220509
4.172810738736609 87.3644637515897
4.174111373472464 87.3933993938694
4.175409406938848 87.42227716486455
4.176704844338299 87.4510971803177
4.177997690862951 87.47985955573995
4.179287951694554 87.50856440641132
4.180575632004493 87.53721184738137
4.181860736953813 87.5658019934695
4.183143271693234 87.59433495926544
4.184423241363177 87.62281085912981
4.1857006510937795 87.65122980719443
4.186975506004921 87.67959191736293
4.18824781120624 87.70789730331109
4.189517571797156 87.73614607848734
4.190784792866889 87.76433835611327
4.192049479494484 87.79247424918393
4.193311636748824 87.82055387046844
4.194571269688654 87.84857733251039
4.195828383362606 87.87654474762826
4.19708298280921 87.90445622791589
4.19833507305692 87.93231188524294
4.199584659124135 87.96011183125532
4.200831746019215 87.98785617737569
4.202076338740506 88.01554503480381
4.203318442276354 88.04317851451711
4.204558061605129 88.07075672727098
4.205795201695247 88.09827978359931
4.207029867505185 88.12574779381498
4.208262063983503 88.15316086801025
4.209491796068865 88.18051911605711
4.2107190686900555 88.2078226476079
4.211943886766004 88.23507157209556
4.213166255205802 88.26226599873428
4.214386178908718 88.2894060365197
4.21560366276423 88.31649179422955
4.21681871165203 88.34352338042397
4.218031330442054 88.37050090344601
4.219241523994499 88.397424471422
4.220449297159838 88.42429419226204
4.221654654778847 88.45111017366038
4.222857601682618 88.47787252309595
4.224058142692582 88.50458134783264
4.225256282620524 88.53123675491987
4.226452026268612 88.55783885119291
4.227645378429403 88.58438774327342
4.228836343885874 88.61088353756975
4.2300249274114305 88.63732634027748
4.2312111337699365 88.66371625737982
4.232394967715725 88.69005339464795
4.233576433993623 88.71633785764152
4.234755537338963 88.74256975170914
4.235932282477615 88.7687491819886
4.237106674125988 88.79487625340752
4.238278716991065 88.8209510706836
4.239448415770411 88.8469737383251
4.240615775152199 88.87294436063135
4.241780799815223 88.89886304169298
4.242943494428921 88.92472988539247
4.244103863653392 88.95054499540456
4.245261912139414 88.97630847519665
4.246417644528464 89.00202042802914
4.247571065452735 89.02768095695598
4.248722179535159 89.05329016482494
4.249870991389417 89.07884815427818
4.251017505619967 89.10435502775249
4.252161726822055 89.12981088747988
4.253303659581739 89.15521583548781
4.254443308475905 89.18056997359972
4.255580678072282 89.20587340343539
4.256715772929466 89.2311262264114
4.257848597596936 89.25632854374146
4.25897915661507 89.28148045643685
4.260107454515168 89.30658206530687
4.261233495819467 89.33163347095913
4.262357285041157 89.35663477380012
4.263478826684403 89.38158607403541
4.264598125244363 89.4064874716702
4.265715185207203 89.43133906650976
4.266830011050117 89.45614095815964
4.267942607241345 89.48089324602621
4.269052978240191 89.50559602931705
4.2701611284970395 89.53024940704128
4.271267062453374 89.55485347801009
4.2723707845417955 89.57940834083695
4.273472299186041 89.60391409393816
4.274571610800997 89.62837083553316
4.275668723792724 89.65277866364497
4.276763642558468 89.67713767610056
4.2778563714866795 89.70144797053123
4.278946914957034 89.72570964437304
4.280035277340449 89.74992279486719
4.281121462999097 89.77408751906034
4.2822054762864274 89.79820391380511
4.283287321547183 89.82227207576037
4.284367003117417 89.84629210139174
4.285444525324511 89.87026408697186
4.286519892487191 89.8941881285808
4.287593108915545 89.91806432210652
4.288664178911042 89.94189276324519
4.289733106766549 89.96567354750158
4.2907998967663445 89.98940677018948
4.291864553186141 90.01309252643199
4.292927080293097 90.036730911162
4.293987482345839 90.06032201912257
4.2950457635944765 90.0838659448672
4.296101928280616 90.10736278276033
4.297155980637383 90.1308126269777
4.298207924889437 90.15421557150665
4.299257765252987 90.17757171014651
4.3003055059358095 90.20088113650911
4.301351151137267 90.22414394401896
4.302394705048321 90.24736022591381
4.303436171851553 90.27053007524488
4.3044755557211785 90.29365358487729
4.305512860823065 90.31673084749042
4.306548091314747 90.33976195557831
4.307581251345447 90.36274700145005
4.308612345056084 90.38568607723002
4.3096413765793 90.40857927485845
4.310668350039471 90.43142668609161
4.311693269552721 90.45422840250234
4.312716139226944 90.4769845154802
4.313736963161818 90.49969511623215
4.3147557454488235 90.52236029578256
4.315772490171255 90.54498014497388
4.3167872014042405 90.5675547544668
4.317799883214761 90.59008421474076
4.31881053966166 90.61256861609415
4.319819174795666 90.63500804864483
4.320825792659403 90.65740260233044
4.321830397287413 90.67975236690867
4.322832992706167 90.70205743195774
4.323833582934084 90.72431788687669
4.324832171981544 90.74653382088582
4.32582876385091 90.76870532302695
4.326823362536536 90.79083248216378
4.3278159720247915 90.81291538698235
4.32880659629407 90.83495412599127
4.3297952393148105 90.85694878752216
4.33078190504951 90.87889945973001
4.33176659745274 90.90080623059343
4.332749320471163 90.92266918791515
4.333730078043549 90.9444884193222
4.334708874100791 90.96626401226644
4.335685712565918 90.98799605402479
4.336660597354115 91.00968463169963
4.337633532372735 91.03132983221911
4.338604521521318 91.05293174233756
4.339573568691604 91.07449044863577
4.340540677767549 91.09600603752139
4.3415058526253425 91.11747859522922
4.34246909713342 91.13890820782166
4.343430415152482 91.1602949611889
4.344389810535505 91.18163894104943
4.345347287127763 91.20294023295021
4.346302848766836 91.22419892226719
4.34725649928263 91.24541509420554
4.348208242497394 91.26658883380003
4.349158082225728 91.28772022591531
4.350106022274605 91.30880935524638
4.351052066443384 91.32985630631877
4.351996218523826 91.35086116348901
4.352938482300107 91.37182401094492
4.353878861548836 91.39274493270592
4.354817360039066 91.41362401262339
4.355753981532317 91.43446133438103
4.35668872978258 91.45525698149514
4.357621608536344 91.47601103731505
4.3585526215326 91.49672358502329
4.359481772502863 91.51739470763613
4.360409065171186 91.53802448800374
4.361334503254173 91.55861300881061
4.362258090460992 91.57916035257588
4.363179830493399 91.59966660165361
4.364099727045741 91.62013183823319
4.365017783804978 91.64055614433963
4.365934004450696 91.66093960183383
4.366848392655124 91.68128229241304
4.367760952083142 91.7015842976111
4.368671686392304 91.72184569879877
4.369580599232848 91.74206657718406
4.370487694247711 91.76224701381258
4.371392975072544 91.78238708956782
4.372296445335728 91.80248688517156
4.373198108658385 91.82254648118409
4.374097968654397 91.84256595800463
4.374996028930417 91.86254539587149
4.375892293085884 91.88248487486266
4.3767867647130405 91.9023844748958
4.377679447396943 91.92224427572887
4.378570344715477 91.94206435696032
4.379459460239375 91.96184479802926
4.380346797532225 91.9815856782161
4.381232360150489 92.00128707664254
4.382116151643516 92.02094907227215
4.382998175553558 92.04057174391048
4.383878435415779 92.06015517020556
4.384756934758277 92.07969942964802
4.3856336771020885 92.09920460057161
4.386508665961213 92.11867076115337
4.38738190484262 92.13809798941394
4.388253397246263 92.157486363218
4.389123146665099 92.17683596027447
4.389991156585097 92.19614685813681
4.390857430485256 92.21541913420342
4.3917219718376135 92.23465286571789
4.392584784107267 92.25384812976932
4.393445870752381 92.2730050032927
4.394305235224205 92.292123563069
4.395162880967085 92.31120388572575
4.396018811418479 92.33024604773718
4.396873030008971 92.34925012542459
4.3977255401622815 92.36821619495663
4.398576345295285 92.3871443323496
4.3994254488180236 92.40603461346778
4.400272854133716 92.42488711402373
4.401118564638778 92.44370190957855
4.4019625837228284 92.46247907554229
4.402804914768711 92.4812186871741
4.403645561152502 92.49992081958266
4.404484526243526 92.51858554772636
4.405321813404368 92.53721294641379
4.406157425990887 92.55580309030383
4.4069913673522345 92.5743560539061
4.407823640830859 92.59287191158116
4.4086542497625265 92.61135073754087
4.409483197476329 92.62979260584868
4.410310487294706 92.64819759041988
4.411136122533445 92.66656576502191
4.411960106501707 92.68489720327474
4.412782442502032 92.70319197865109
4.413603133830357 92.72145016447666
4.414422183776025 92.73967183393059
4.415239595621801 92.75785706004561
4.4160553726438865 92.7760059157084
4.416869518111928 92.79411847365986
4.417682035289032 92.81219480649544
4.418492927431783 92.83023498666532
4.419302197790247 92.84823908647488
4.420109849607996 92.8662071780848
4.420915886122109 92.88413933351151
4.4217203105631935 92.90203562462736
4.4225231261553954 92.91989612316101
4.423324336116414 92.9377209006976
4.424123943657509 92.95551002867907
4.4249219519835234 92.97326357840461
4.425718364292885 92.99098162103068
4.426513183777628 93.0086642275715
4.427306413623401 93.02631146889924
4.428098057009483 93.04392341574433
4.428888117108793 93.06150013869573
4.429676597087904 93.07904170820122
4.430463500107057 93.0965481945677
4.431248829320171 93.11401966796146
4.432032587874859 93.13145619840842
4.432814778912439 93.14885785579449
4.433595405567942 93.16622470986579
4.434374470970135 93.18355683022892
4.435151978241523 93.20085428635136
4.4359279304983685 93.21811714756157
4.4367023308507 93.23534548304931
4.437475182402328 93.25253936186608
4.438246488250852 93.26969885292525
4.439016251487678 93.28682402500229
4.4397844751980315 93.30391494673516
4.440551162460964 93.32097168662457
4.441316316349371 93.33799431303422
4.442079939930001 93.35498289419104
4.44284203626347 93.37193749818553
4.443602608404271 93.38885819297204
4.4443616594007915 93.40574504636898
4.445119192295319 93.42259812605914
4.445875210124057 93.4394174995899
4.446629715917138 93.45620323437359
4.447382712698632 93.47295539768771
4.448134203486563 93.48967405667523
4.448884191292919 93.50635927834477
4.449632679123662 93.52301112957097
4.450379669978743 93.53962967709472
4.451125166852115 93.55621498752342
4.4518691727317385 93.57276712733128
4.452611690599603 93.58928616285948
4.453352723431733 93.60577216031663
4.454092274198198 93.62222518577889
4.45483034586313 93.6386453051902
4.455566941384733 93.65503258436269
4.456302063715292 93.67138708897684
4.45703571580119 93.68770888458178
4.457767900582916 93.7039980365955
4.458498620995079 93.72025461030522
4.459227879966417 93.73647867086748
4.459955680419814 93.75267028330862
4.460682025272303 93.76882951252489
4.461406917435086 93.78495642328272
4.462130359813545 93.80105108021905
4.4628523553072466 93.8171135478415
4.4635729068099605 93.8331438905287
4.46429201720967 93.84914217253055
4.465009689388579 93.86510845796836
4.465725926223131 93.88104281083531
4.466440730584013 93.89694529499653
4.467154105336174 93.91281597418943
4.46786605333883 93.92865491202393
4.468576577445481 93.94446217198276
4.469285680503919 93.96023781742169
4.46999336535624 93.9759819115697
4.470699634838857 93.99169451752947
4.471404491782508 94.00737569827729
4.472107939012272 94.02302551666361
4.472809979347575 94.03864403541317
4.473510615602209 94.05423131712523
4.474209850584333 94.06978742427385
4.474907687096493 94.08531241920818
4.475604127935629 94.10080636415265
4.476299175893086 94.11626932120721
4.476992833754629 94.13170135234768
4.4776851043004475 94.14710251942587
4.478375990305175 94.16247288416989
4.4790654945378945 94.17781250818445
4.479753619762147 94.19312145295095
4.480440368735952 94.20839977982794
4.481125744211808 94.22364755005117
4.481809748936713 94.23886482473395
4.482492385652169 94.25405166486738
4.483173657094192 94.26920813132054
4.483853565993333 94.28433428484078
4.484532115074675 94.299430186054
4.485209307057854 94.31449589546476
4.485885144657067 94.32953147345671
4.486559630581081 94.34453698029267
4.487232767533248 94.35951247611496
4.48790455821151 94.37445802094561
4.488575005308416 94.3893736746866
4.489244111511128 94.40425949712011
4.489911879501434 94.41911554790875
4.49057831195576 94.43394188659582
4.4912434115451765 94.44873857260552
4.491907180935415 94.46350566524319
4.492569622786873 94.47824322369561
4.493230739754628 94.49295130703109
4.493890534488447 94.50762997419994
4.494549009632799 94.52227928403443
4.495206167826862 94.53689929524924
4.495862011704538 94.55149006644163
4.496516543894456 94.56605165609166
4.497169767019996 94.58058412256236
4.497821683699285 94.59508752410008
4.4984722965452155 94.60956191883477
4.499121608165454 94.62400736478
4.499769621162451 94.63842391983333
4.500416338133455 94.65281164177654
4.501061761670517 94.66717058827587
4.501705894360505 94.68150081688219
4.502348738785113 94.69580238503133
4.502990297520871 94.71007535004414
4.503630573139158 94.72431976912695
4.504269568206208 94.73853569937157
4.5049072852831245 94.7527231977557
4.505543726925887 94.76688232114309
4.5061788956853635 94.78101312628368
4.506812794107321 94.79511566981398
4.507445424732436 94.80919000825725
4.5080767900962995 94.82323619802361
4.508706892729435 94.83725429541045
4.509335735157305 94.8512443566025
4.509963319900319 94.86520643767219
4.510589649473847 94.87914059457974
4.511214726388228 94.89304688317347
4.51183855314878 94.90692535919
4.512461132255811 94.9207760782545
4.513082466204628 94.9345990958809
4.513702557485547 94.94839446747201
4.514321408583905 94.96216224831994
4.514939021980066 94.97590249360618
4.5155554001494345 94.98961525840187
4.516170545562464 95.00330059766796
4.516784460684668 95.01695856625548
4.517397147976627 95.03058921890587
4.518008609894002 95.04419261025093
4.5186188488875425 95.05776879481331
4.519227867403096 95.07131782700658
4.519835667881618 95.08483976113544
4.520442252759184 95.09833465139604
4.521047624466994 95.11180255187614
4.521651785431389 95.12524351655529
4.522254738073855 95.13865759930505
4.522856484811036 95.1520448538893
4.523457028054742 95.1654053339644
4.524056370211961 95.17873909307937
4.524654513684866 95.1920461846761
4.525251460870826 95.20532666208962
4.525847214162412 95.21858057854833
4.526441775947417 95.23180798717412
4.52703514860885 95.24500894098267
4.527627334524961 95.25818349288359
4.52821833606924 95.27133169568071
4.52880815561043 95.28445360207225
4.529396795512538 95.297549264651
4.529984258134842 95.31061873590457
4.530570545831901 95.32366206821567
4.531155660953566 95.3366793138621
4.5317396058449875 95.34967052501729
4.532322382846626 95.36263575375014
4.532903994294261 95.37557505202551
4.5334844425190015 95.38848847170433
4.534063729847293 95.4013760645438
4.534641858600926 95.4142378821976
4.535218831097053 95.42707397621609
4.535794649648188 95.43988439804653
4.53636931656222 95.45266919903331
4.536942834142423 95.46542843041814
4.537515204687467 95.4781621433402
4.538086430491421 95.49087038883641
4.538656513843767 95.50355321784161
4.539225457029408 95.51621068118882
4.539793262328678 95.52884282960935
4.54035993201735 95.54144971373302
4.540925468366644 95.55403138408843
4.541489873643239 95.56658789110313
4.542053150109282 95.5791192851038
4.542615300022391 95.59162561631649
4.543176325635675 95.60410693486673
4.543736229197732 95.6165632907799
4.544295012952665 95.62899473398122
4.544852679140088 95.64140131429615
4.545409229995137 95.65378308145046
4.545964667748475 95.66614008507044
4.546518994626307 95.6784723746832
4.5470722128503835 95.6907799997167
4.547624324638011 95.70306300950016
4.548175332202064 95.71532145326404
4.548725237750988 95.72755538014037
4.549274043488815 95.73976483916297
4.549821751615166 95.75194987926753
4.550368364325265 95.76411054929189
4.550913883809942 95.77624689797621
4.551458312255651 95.78835897396314
4.552001651844469 95.8004468257981
4.552543904754108 95.81251050192941
4.553085073157929 95.82455005070841
4.553625159224942 95.83656552038988
4.55416416511982 95.848556959132
4.55470209300291 95.8605244149966
4.555238945030233 95.87246793594952
4.555774723353501 95.88438756986051
4.556309430120122 95.89628336450366
4.556843067473211 95.90815536755754
4.557375637551593 95.92000362660531
4.557907142489818 95.93182818913499
4.558437584418168 95.94362910253959
4.55896696546266 95.9554064141174
4.559495287745063 95.96716017107205
4.560022553382901 95.97889042051278
4.5605487644894644 95.99059720945463
4.561073923173814 96.0022805848186
4.561598031540796 96.01394059343187
4.562121091691043 96.02557728202788
4.562643105720989 96.03719069724673
4.5631640757228755 96.04878088563513
4.563684003784759 96.06034789364674
4.564202891990518 96.07189176764231
4.5647207424198655 96.08341255388993
4.565237557148354 96.09491029856504
4.565753338247386 96.1063850477508
4.56626808778422 96.1178368474382
4.56678180782198 96.12926574352619
4.567294500419664 96.14067178182202
4.5678061676321535 96.15205500804124
4.5683168115102175 96.16341546780805
4.568826434100526 96.17475320665534
4.569335037445653 96.1860682700249
4.5698426235840905 96.19736070326775
4.570349194550252 96.2086305516441
4.570854752374479 96.2198778603237
4.571359299083059 96.23110267438595
4.571862836698221 96.24230503882006
4.572365367238153 96.25348499852531
4.5728668927170055 96.26464259831113
4.573367415144901 96.2757778828974
4.573866936527939 96.28689089691449
4.574365458868212 96.29798168490353
4.574862984163804 96.30905029131661
4.575359514408806 96.32009676051683
4.575855051593317 96.3311211367787
4.576349597703459 96.34212346428802
4.57684315472138 96.35310378714232
4.577335724625266 96.36406214935094
4.5778273093893445 96.37499859483512
4.578317910983894 96.38591316742833
4.578807531375254 96.39680591087635
4.579296172525833 96.40767686883748
4.57978383639411 96.4185260848827
4.58027052493465 96.42935360249581
4.5807562400981094 96.44015946507369
4.581240983831242 96.45094371592643
4.581724758076908 96.46170639827747
4.582207564774083 96.47244755526378
4.582689405857864 96.48316722993614
4.583170283259476 96.49386546525918
4.583650198906286 96.50454230411154
4.584129154721802 96.5151977892862
4.584607152625687 96.52583196349053
4.585084194533764 96.53644486934644
4.585560282358025 96.54703654939061
4.586035418006638 96.55760704607472
4.586509603383953 96.56815640176546
4.5869828403905135 96.57868465874482
4.587455130923061 96.58919185921022
4.587926476874544 96.59967804527469
4.588396880134124 96.61014325896704
4.588866342587185 96.62058754223199
4.589334866115339 96.6310109369304
4.5898024525964365 96.6414134848394
4.590269103904572 96.65179522765261
4.590734821910091 96.66215620698019
4.5911996084796005 96.67249646434911
4.59166346547597 96.68281604120331
4.592126394758346 96.69311497890376
4.5925883981821585 96.70339331872886
4.593049477599123 96.71365110187429
4.593509634857253 96.72388836945342
4.593968871800867 96.73410516249741
4.594427190270594 96.7443015219553
4.594884592103382 96.75447748869428
4.595341079132504 96.76463310349978
4.595796653187567 96.77476840707564
4.59625131609452 96.78488344004438
4.59670506967566 96.79497824294717
4.597157915749637 96.80505285624416
4.597609856131466 96.81510732031455
4.598060892632532 96.8251416754568
4.598511027060596 96.83515596188876
4.598960261219803 96.84515021974786
4.599408596910693 96.85512448909127
4.5998560359302 96.86507880989596
4.600302580071668 96.87501322205907
4.600748231124854 96.88492776539783
4.601192990875933 96.89482247964992
4.601636861107509 96.90469740447351
4.602079843598623 96.91455257944745
4.6025219401247535 96.92438804407143
4.602963152457833 96.93420383776618
4.603403482366246 96.94399999987354
4.603842931614842 96.95377656965667
4.604281501964941 96.96353358630023
4.60471919517434 96.97327108891052
4.60515601299732 96.9829891165156
4.605591957184654 96.99268770806543
4.606027029483613 97.00236690243219
4.606461231637974 97.01202673841021
4.606894565388027 97.02166725471628
4.607327032470579 97.03128848998973
4.607758634618967 97.04089048279263
4.608189373563057 97.05047327160992
4.60861925102926 97.06003689484959
4.60904826874053 97.06958139084276
4.609476428416378 97.07910679784396
4.6099037317728735 97.08861315403118
4.610330180522657 97.098100497506
4.61075577637494 97.10756886629387
4.611180521035519 97.11701829834416
4.6116044162067755 97.12644883153035
4.61202746358769 97.13586050365018
4.612449664873844 97.14525335242575
4.6128710217574245 97.15462741550378
4.613291535927239 97.16398273045567
4.613711209068713 97.17331933477764
4.614130042863904 97.18263726589097
4.614548038991505 97.19193656114209
4.614965199126851 97.2012172578027
4.615381524941926 97.21047939306997
4.615797018105371 97.21972300406671
4.616211680282489 97.22894812784148
4.6166255131352525 97.23815480136868
4.61703851832231 97.24734306154882
4.617450697498994 97.2565129452086
4.617862052317324 97.26566448910106
4.618272584426019 97.27479772990574
4.618682295470495 97.28391270422881
4.619091187092883 97.29300944860324
4.619499260932026 97.30208799948895
4.61990651862349 97.31114839327284
4.620312961799572 97.32019066626918
4.620718592089301 97.32921485471954
4.621123411118451 97.33822099479298
4.621527420509542 97.34720912258626
4.6219306218818526 97.35617927412397
4.622333016851417 97.36513148535862
4.6227346070310436 97.3740657921708
4.62313539403031 97.38298223036934
4.623535379455578 97.3918808356915
4.623934564909995 97.40076164380301
4.6243329519935035 97.40962469029827
4.624730542302845 97.41847001070056
4.625127337431568 97.42729764046203
4.625523338970034 97.43610761496402
4.625918548505422 97.44489996951698
4.62631296762174 97.45367473936082
4.626706597899825 97.46243195966498
4.6270994409173545 97.47117166552853
4.627491498248848 97.47989389198034
4.627882771465679 97.48859867397927
4.6282732621360765 97.49728604641419
4.6286629718251335 97.50595604410422
4.629051902094812 97.51460870179889
4.6294400545039505 97.52324405417819
4.629827430608271 97.5318621358527
4.630214031960384 97.5404629813639
4.6305998601097915 97.54904662518405
4.630984916602901 97.55761310171656
4.631369202983024 97.56616244529602
4.631752720790387 97.5746946901883
4.632135471562135 97.58320987059079
4.632517456832339 97.5917080206325
4.632898678132003 97.60018917437412
4.633279136989068 97.60865336580827
4.6336588349284185 97.61710062885953
4.634037773471889 97.62553099738471
4.634415954138275 97.63394450517282
4.634793378443327 97.64234118594536
4.635170047899769 97.65072107335635
4.6355459640172985 97.65908420099251
4.635921128302592 97.66743060237341
4.636295542259315 97.67576031095156
4.636669207388126 97.68407336011254
4.637042125186678 97.69236978317517
4.6374142971496335 97.7006496133917
4.637785724768663 97.70891288394782
4.638156409532454 97.71715962796279
4.638526352926718 97.72538987848975
4.638895556434193 97.73360366851564
4.639264021534653 97.74180103096151
4.639631749704912 97.74998199868247
4.639998742418831 97.75814660446801
4.640365001147321 97.76629488104196
4.640730527358356 97.77442686106275
4.641095322516968 97.78254257712351
4.641459388085262 97.79064206175215
4.64182272552242 97.79872534741153
4.6421853362847045 97.80679246649959
4.642547221825464 97.81484345134949
4.642908383595142 97.82287833422967
4.6432688230412795 97.8308971473441
4.643628541608526 97.8388999228323
4.643987540738638 97.84688669276952
4.644345821870489 97.85485748916687
4.644703386440077 97.86281234397143
4.645060235880525 97.87075128906638
4.645416371622092 97.87867435627112
4.645771795092177 97.88658157734147
4.646126507715321 97.89447298396968
4.646480510913219 97.90234860778463
4.646833806104721 97.91020848035194
4.64718639470584 97.91805263317411
4.647538278129757 97.92588109769068
4.647889457786826 97.93369390527818
4.648239935084581 97.94149108725051
4.648589711427741 97.94927267485892
4.648938788218214 97.95703869929207
4.649287166855106 97.96478919167637
4.649634848734724 97.97252418307592
4.649981835250584 97.98024370449264
4.6503281277934105 97.98794778686653
4.650673727751153 97.99563646107568
4.651018636508979 98.00330975793642
4.65136285544929 98.01096770820344
4.651706385951719 98.01861034256993
4.652049229393144 98.02623769166766
4.652391387147687 98.03384978606722
4.65273286058672 98.04144665627797
4.653073651078875 98.0490283327483
4.6534137599900465 98.05659484586569
4.653753188683395 98.06414622595685
4.654091938519357 98.0716825032878
4.654430010855647 98.07920370806411
4.654767407047264 98.08670987043087
4.6551041284464985 98.0942010204729
4.655440176402934 98.10167718821484
4.6557755522634565 98.10913840362127
4.656110257372258 98.11658469659692
4.656444293070842 98.12401609698662
4.656777660698029 98.13143263457552
4.657110361589962 98.13883433908927
4.657442397080111 98.14622124019397
4.657773768499279 98.15359336749648
4.658104477175609 98.16095075054437
4.658434524434586 98.16829341882618
4.658763911599046 98.17562140177141
4.6590926399891766 98.18293472875074
4.659420710922527 98.19023342907612
4.65974812571401 98.19751753200086
4.660074885675911 98.20478706671975
4.660400992117888 98.2120420623692
4.660726446346981 98.21928254802737
4.661051249667616 98.2265085527142
4.6613754033816095 98.23372010539165
4.661698908788175 98.24091723496377
4.662021767183927 98.24809997027673
4.662343979862888 98.25526834011906
4.6626655481164905 98.26242237322171
4.662986473233587 98.26956209825815
4.663306756500448 98.27668754384452
4.663626399200775 98.28379873853973
4.663945402615703 98.29089571084553
4.6642637680238 98.29797848920674
4.66458149670108 98.3050471020112
4.664898589921007 98.31210157759007
4.665215048954494 98.31914194421779
4.665530875069913 98.32616823011224
4.665846069533101 98.3331804634349
4.6661606336073636 98.3401786722909
4.666474568553477 98.34716288472922
4.666787875629699 98.35413312874265
4.667100556091768 98.36108943226805
4.667412611192913 98.3680318231864
4.667724042183856 98.37496032932292
4.668034850312817 98.38187497844717
4.66834503682552 98.38877579827317
4.668654602965198 98.39566281645949
4.668963549972596 98.40253606060945
4.669271879085979 98.40939555827113
4.669579591541136 98.41624133693747
4.669886688571383 98.42307342404646
4.670193171407568 98.42989184698126
4.670499041278082 98.4366966330702
4.6708042994088546 98.44348780958694
4.671108947023366 98.45026540375065
4.671412985342648 98.45702944272603
4.671716415585291 98.46377995362346
4.672019238967449 98.47051696349908
4.672321456702843 98.47724049935496
4.672623070002765 98.48395058813915
4.672924080076089 98.49064725674576
4.673224488129265 98.49733053201518
4.673524295366335 98.50400044073403
4.673823502988932 98.51065700963545
4.674122112196282 98.51730026539906
4.674420124185218 98.52393023465116
4.674717540150176 98.53054694396474
4.675014361283205 98.5371504198597
4.675310588773967 98.54374068880284
4.675606223809749 98.55031777720814
4.675901267575457 98.5568817114366
4.676195721253635 98.56343251779663
4.676489586024457 98.56997022254393
4.676782863065736 98.5764948518817
4.677075553552934 98.58300643196083
4.677367658659156 98.58950498887978
4.6776591795551665 98.59599054868492
4.677950117409385 98.60246313737042
4.678240473387895 98.60892278087857
4.6785302486544476 98.61536950509971
4.678819444370467 98.62180333587239
4.6791080616950556 98.62822429898353
4.679396101784993 98.63463242016846
4.679683565794752 98.641027725111
4.679970454876491 98.64741023944364
4.680256770180067 98.65377998874764
4.680542512853036 98.66013699855301
4.680827684040659 98.66648129433881
4.681112284885906 98.67281290153302
4.6813963165294625 98.67913184551283
4.681679780109732 98.6854381516047
4.681962676762842 98.69173184508436
4.682245007622645 98.69801295117708
4.682526773820728 98.70428149505761
4.682807976486415 98.7105375018504
4.683088616746771 98.71678099662955
4.683368695726606 98.72301200441919
4.683648214548481 98.72923055019324
4.683927174332712 98.73543665887573
4.6842055761973755 98.74163035534087
4.68448342125831 98.74781166441308
4.6847607106291225 98.75398061086713
4.685037445421193 98.76013721942827
4.685313626743679 98.76628151477229
4.68558925570352 98.77241352152564
4.6858643334054415 98.77853326426546
4.686138860951959 98.78464076751982
4.686412839443384 98.79073605576767
4.686686269977826 98.79681915343903
4.686959153651199 98.80289008491505
4.687231491557225 98.8089488745281
4.687503284787439 98.81499554656193
4.687774534431193 98.8210301252517
4.688045241575659 98.82705263478408
4.688315407305836 98.83306309929742
4.6885850327045535 98.8390615428817
4.688854118852473 98.84504798957883
4.689122666828097 98.85102246338255
4.689390677707769 98.85698498823868
4.689658152565682 98.86293558804509
4.68992509247388 98.86887428665187
4.69019149850226 98.87480110786146
4.690457371718585 98.88071607542864
4.690722713188476 98.88661921306064
4.690987523975428 98.8925105444174
4.691251805140806 98.89839009311144
4.691515557743853 98.90425788270811
4.691778782841694 98.9101139367256
4.692041481489339 98.915958278635
4.692303654739689 98.92179093186064
4.692565303643538 98.92761191977979
4.692826429249579 98.93342126572313
4.693087032604408 98.93921899297456
4.6933471147525285 98.94500512477148
4.693606676736351 98.95077968430482
4.693865719596208 98.9565426947191
4.694124244370344 98.96229417911256
4.694382252094932 98.96803416053721
4.69463974380407 98.97376266199902
4.694896720529791 98.97947970645792
4.69515318330206 98.98518531682788
4.695409133148785 98.99087951597713
4.695664571095816 98.99656232672805
4.695919498166953 99.00223377185748
4.696173915383947 99.00789387409668
4.696427823766508 99.01354265613136
4.696681224332304 99.01918014060199
4.6969341180969675 99.02480635010369
4.697186506074102 99.03042130718637
4.697438389275283 99.03602503435488
4.6976897687100605 99.04161755406906
4.697940645385969 99.0471988887438
4.698191020308526 99.05276906074917
4.698440894481238 99.05832809241056
4.698690268905604 99.06387600600863
4.6989391445811215 99.06941282377949
4.699187522505288 99.07493856791481
4.699435403673606 99.08045326056185
4.699682789079588 99.08595692382363
4.699929679714757 99.09144957975886
4.700176076568657 99.09693125038223
4.700421980628849 99.10240195766434
4.70066739288092 99.1078617235319
4.7009123143084866 99.11331056986768
4.701156745893199 99.11874851851083
4.701400688614741 99.12417559125669
4.70164414345084 99.12959180985706
4.701887111377267 99.13499719602024
4.70212959336784 99.14039177141106
4.702371590394433 99.14577555765112
4.702613103426973 99.1511485763187
4.702854133433448 99.15651084894895
4.703094681379909 99.16186239703393
4.703334748230478 99.16720324202274
4.703574334947346 99.17253340532159
4.70381344249078 99.17785290829381
4.7040520718191265 99.18316177226012
4.704290223888817 99.18846001849849
4.704527899654368 99.19374766824437
4.704765100068387 99.19902474269074
4.705001826081579 99.20429126298826
4.705238078642745 99.20954725024517
4.705473858698788 99.21479272552756
4.70570916719472 99.22002770985938
4.705944005073659 99.22525222422256
4.70617837327684 99.23046628955697
4.7064122727436155 99.23566992676075
4.706645704411457 99.24086315669011
4.706878669215962 99.24604600015962
4.70711116809086 99.25121847794219
4.707343201968007 99.25638061076918
4.707574771777399 99.26153241933054
4.707805878447172 99.26667392427476
4.708036522903607 99.2718051462091
4.708266706071129 99.27692610569954
4.708496428872315 99.28203682327104
4.708725692227899 99.28713731940738
4.708954497056772 99.29222761455145
4.709182844275987 99.29730772910523
4.709410734800763 99.30237768342991
4.70963816954449 99.30743749784594
4.7098651494187305 99.31248719263313
4.710091675333222 99.31752678803075
4.710317748195884 99.32255630423758
4.710543368912821 99.32757576141199
4.710768538388324 99.33258517967207
4.710993257524875 99.33758457909559
4.7112175272231545 99.3425739797203
4.711441348382037 99.34755340154373
4.711664721898601 99.35252286452355
4.7118876486681325 99.35748238857738
4.712110129584126 99.3624319935831
4.712332165538285 99.36737169937882
4.712553757420538 99.37230152576294
4.712774906119025 99.3772214924943
4.712995612520116 99.38213161929218
4.713215877508404 99.3870319258365
4.713435701966716 99.3919224317677
4.713655086776111 99.39680315668704
4.7138740328158875 99.40167412015654
4.714092540963584 99.40653534169911
4.714310612094986 99.4113868407986
4.714528247084124 99.41622863689989
4.714745446803285 99.42106074940895
4.714962212123006 99.42588319769303
4.7151785439120895 99.43069600108052
4.715394443037593 99.43549917886125
4.715609910364847 99.44029275028643
4.715824946757446 99.44507673456874
4.71603955307726 99.4498511508825
4.716253730184434 99.45461601836364
4.7164674789373935 99.45937135610977
4.716680800192847 99.46411718318045
4.7168936948057905 99.46885351859697
4.717106163629507 99.47358038134269
4.717318207515577 99.47829779036289
4.717529827313874 99.48300576456504
4.717741023872575 99.48770432281881
4.7179517980381585 99.49239348395608
4.71816215065541 99.49707326677105
4.718372082567429 99.50174369002039
4.718581594615622 99.50640477242322
4.71879068763972 99.51105653266126
4.718999362477769 99.51569898937882
4.719207619966142 99.52033216118295
4.719415460939539 99.52495606664345
4.7196228862309875 99.52957072429305
4.719829896671854 99.53417615262734
4.720036493091839 99.53877237010497
4.720242676318984 99.54335939514766
4.720448447179675 99.54793724614024
4.720653806498644 99.55250594143084
4.720858755098976 99.55706549933086
4.721063293802106 99.5616159381151
4.721267423427831 99.56615727602176
4.721471144794304 99.57068953125258
4.721674458718044 99.57521272197296
4.7218773660139375 99.5797268663119
4.722079867495238 99.58423198236216
4.722281963973576 99.58872808818032
4.722483656258958 99.59321520178683
4.722684945159768 99.59769334116615
4.7228858314827775 99.6021625242667
4.723086316033141 99.60662276900105
4.723286399614403 99.61107409324593
4.723486083028503 99.61551651484234
4.723685367075775 99.61995005159552
4.723884252554952 99.62437472127522
4.72408274026317 99.62879054161556
4.724280830995973 99.63319753031521
4.724478525547309 99.63759570503746
4.724675824709544 99.64198508341025
4.724872729273453 99.64636568302633
4.725069240028234 99.65073752144315
4.725265357761507 99.65510061618315
4.7254610832593125 99.65945498473366
4.725656417306123 99.66380064454708
4.72585136068484 99.66813761304087
4.726045914176798 99.67246590759768
4.726240078561774 99.67678554556537
4.726433854617978 99.68109654425712
4.726627243122071 99.6853989209515
4.726820244849155 99.68969269289246
4.727012860572786 99.69397787728957
4.727205091064969 99.69825449131788
4.727396937096167 99.70252255211813
4.727588399435303 99.70678207679677
4.727779478849762 99.71103308242604
4.727970176105391 99.7152755860441
4.728160491966508 99.71950960465489
4.728350427195904 99.72373515522847
4.728539982554841 99.72795225470088
4.728729158803059 99.73216091997438
4.728917956698782 99.73636116791732
4.729106376998713 99.74055301536437
4.729294420458044 99.74473647911654
4.729482087830457 99.74891157594118
4.729669379868124 99.75307832257218
4.729856297321716 99.75723673570991
4.730042840940402 99.7613868320214
4.730229011471849 99.76552862814023
4.730414809662234 99.76966214066684
4.7306002362562385 99.7737873861684
4.730785291997055 99.77790438117896
4.73096997762639 99.78201314219947
4.731154293884465 99.78611368569798
4.731338241510025 99.79020602810948
4.731521821240333 99.79429018583615
4.731705033811181 99.79836617524737
4.731887879956887 99.80243401267977
4.732070360410303 99.8064937144373
4.73225247590281 99.8105452967913
4.732434227164333 99.81458877598061
4.732615614923334 99.81862416821153
4.732796639906815 99.822651489658
4.732977302840331 99.82667075646157
4.733157604447978 99.83068198473151
4.73333754545241 99.83468519054495
4.733517126574834 99.83868038994675
4.7336963485350125 99.84266759894973
4.733875212051271 99.84664683353472
4.7340537178404976 99.85061810965053
4.734231866618145 99.85458144321412
4.734409659098238 99.85853685011058
4.734587095993369 99.86248434619324
4.734764178014712 99.86642394728374
4.734940905872011 99.87035566917206
4.735117280273595 99.87427952761661
4.735293301926377 99.87819553834427
4.735468971535853 99.88210371705048
4.7356442898061095 99.88600407939927
4.735819257439826 99.88989664102337
4.735993875138275 99.89378141752422
4.736168143601327 99.89765842447206
4.736342063527453 99.901527677406
4.736515635613727 99.90538919183406
4.736688860555828 99.90924298323327
4.736861739048045 99.9130890670497
4.737034271783277 99.91692745869847
4.73720645945304 99.92075817356395
4.737378302747462 99.9245812269997
4.737549802355296 99.92839663432858
4.737720958963914 99.93220441084281
4.7378917732593155 99.936004571804
4.738062245926125 99.93979713244329
4.738232377647601 99.94358210796129
